4.307178631051752988e-07
4.307178631051752988e-07
4.307178631051752988e-07
4.307178631051752988e-07
4.307178631051752988e-07
4.307178631051752988e-07
2.323873121869782832e-07
2.323873121869782832e-07
2.323873121869782832e-07
2.323873121869782832e-07
2.323873121869782832e-07
2.323873121869782832e-07
2.323873121869782832e-07
2.323873121869782832e-07
2.323873121869782832e-07
2.323873121869782832e-07
2.323873121869782832e-07
2.323873121869782832e-07
1.722871452420701142e-07
1.722871452420701142e-07
1.722871452420701142e-07
1.722871452420701142e-07
1.722871452420701142e-07
1.722871452420701142e-07
1.722871452420701142e-07
1.722871452420701142e-07
1.722871452420701142e-07
1.722871452420701142e-07
1.722871452420701142e-07
1.722871452420701142e-07
1.722871452420701142e-07
1.762938230383973237e-07
1.762938230383973237e-07
1.762938230383973237e-07
1.762938230383973237e-07
1.762938230383973237e-07
1.762938230383973237e-07
1.762938230383973237e-07
1.762938230383973237e-07
1.762938230383973237e-07
4.267111853088480629e-07
4.267111853088480629e-07
4.267111853088480629e-07
4.267111853088480629e-07
4.267111853088480629e-07
4.267111853088480629e-07
4.267111853088480629e-07
4.267111853088480629e-07
2.343906510851419011e-07
2.343906510851419011e-07
2.343906510851419011e-07
2.343906510851419011e-07
2.343906510851419011e-07
2.343906510851419011e-07
2.343906510851419011e-07
2.343906510851419011e-07
2.343906510851419011e-07
2.283806343906510737e-07
2.283806343906510737e-07
2.283806343906510737e-07
2.283806343906510737e-07
2.283806343906510737e-07
2.283806343906510737e-07
2.283806343906510737e-07
2.283806343906510737e-07
2.283806343906510737e-07
2.283806343906510737e-07
2.283806343906510737e-07
2.343906510851419011e-07
2.343906510851419011e-07
2.343906510851419011e-07
2.343906510851419011e-07
2.343906510851419011e-07
2.343906510851419011e-07
2.343906510851419011e-07
2.343906510851419011e-07
4.367278797996661263e-07
4.367278797996661263e-07
4.367278797996661263e-07
4.367278797996661263e-07
4.367278797996661263e-07
4.367278797996661263e-07
4.367278797996661263e-07
4.367278797996661263e-07
4.387312186978297178e-07
4.387312186978297178e-07
4.387312186978297178e-07
4.387312186978297178e-07
2.363939899833055191e-07
2.363939899833055191e-07
2.363939899833055191e-07
2.363939899833055191e-07
2.363939899833055191e-07
2.363939899833055191e-07
2.363939899833055191e-07
2.283806343906510737e-07
2.283806343906510737e-07
2.283806343906510737e-07
2.283806343906510737e-07
2.283806343906510737e-07
2.283806343906510737e-07
2.283806343906510737e-07
3.826377295492487319e-07
3.826377295492487319e-07
3.826377295492487319e-07
3.826377295492487319e-07
3.826377295492487319e-07
3.826377295492487319e-07
3.826377295492487319e-07
3.826377295492487319e-07
4.247078464106844713e-07
4.247078464106844713e-07
4.247078464106844713e-07
4.247078464106844713e-07
4.247078464106844713e-07
4.247078464106844713e-07
4.247078464106844713e-07
4.247078464106844713e-07
4.247078464106844713e-07
4.247078464106844713e-07
2.243739565943238642e-07
2.243739565943238642e-07
2.243739565943238642e-07
2.243739565943238642e-07
2.243739565943238642e-07
2.243739565943238642e-07
2.243739565943238642e-07
2.243739565943238642e-07
2.243739565943238642e-07
1.863105175292153607e-07
1.863105175292153607e-07
1.863105175292153607e-07
1.863105175292153607e-07
1.863105175292153607e-07
1.863105175292153607e-07
1.863105175292153607e-07
1.863105175292153607e-07
1.863105175292153607e-07
2.303839732888146916e-07
2.303839732888146916e-07
2.303839732888146916e-07
2.303839732888146916e-07
2.303839732888146916e-07
2.343906510851419011e-07
2.343906510851419011e-07
2.343906510851419011e-07
2.343906510851419011e-07
2.343906510851419011e-07
2.343906510851419011e-07
2.343906510851419011e-07
2.343906510851419011e-07
2.343906510851419011e-07
2.343906510851419011e-07
2.263772954924874821e-07
2.263772954924874821e-07
2.263772954924874821e-07
2.263772954924874821e-07
2.263772954924874821e-07
2.263772954924874821e-07
2.263772954924874821e-07
2.283806343906510737e-07
2.283806343906510737e-07
2.283806343906510737e-07
2.283806343906510737e-07
2.283806343906510737e-07
2.283806343906510737e-07
2.283806343906510737e-07
1.682804674457429047e-07
1.682804674457429047e-07
1.682804674457429047e-07
1.682804674457429047e-07
1.682804674457429047e-07
1.682804674457429047e-07
1.682804674457429047e-07
1.682804674457429047e-07
1.682804674457429047e-07
1.682804674457429047e-07
1.722871452420701142e-07
1.722871452420701142e-07
1.722871452420701142e-07
1.722871452420701142e-07
1.722871452420701142e-07
1.722871452420701142e-07
1.722871452420701142e-07
1.722871452420701142e-07
1.722871452420701142e-07
2.323873121869782832e-07
2.323873121869782832e-07
2.323873121869782832e-07
2.323873121869782832e-07
2.323873121869782832e-07
2.323873121869782832e-07
2.323873121869782832e-07
2.323873121869782832e-07
2.323873121869782832e-07
2.323873121869782832e-07
1.722871452420701142e-07
2.323873121869782832e-07
1.722871452420701142e-07
2.323873121869782832e-07
1.722871452420701142e-07
2.323873121869782832e-07
1.722871452420701142e-07
2.323873121869782832e-07
1.722871452420701142e-07
2.323873121869782832e-07
1.722871452420701142e-07
2.323873121869782832e-07
1.722871452420701142e-07
2.323873121869782832e-07
1.722871452420701142e-07
2.323873121869782832e-07
1.722871452420701142e-07
2.323873121869782832e-07
1.722871452420701142e-07
2.323873121869782832e-07
1.722871452420701142e-07
2.323873121869782832e-07
1.803005008347245332e-07
2.323873121869782832e-07
1.803005008347245332e-07
2.323873121869782832e-07
1.803005008347245332e-07
2.323873121869782832e-07
1.803005008347245332e-07
2.323873121869782832e-07
1.803005008347245332e-07
2.323873121869782832e-07
1.803005008347245332e-07
2.323873121869782832e-07
1.803005008347245332e-07
2.323873121869782832e-07
1.803005008347245332e-07
2.323873121869782832e-07
1.803005008347245332e-07
2.323873121869782832e-07
1.803005008347245332e-07
2.323873121869782832e-07
2.263772954924874821e-07
2.263772954924874821e-07
2.263772954924874821e-07
2.263772954924874821e-07
2.263772954924874821e-07
2.263772954924874821e-07
2.263772954924874821e-07
2.263772954924874821e-07
2.263772954924874821e-07
2.263772954924874821e-07
7.412353923205341539e-08
7.412353923205341539e-08
7.412353923205341539e-08
7.412353923205341539e-08
7.412353923205341539e-08
7.412353923205341539e-08
7.412353923205341539e-08
7.412353923205341539e-08
7.412353923205341539e-08
7.412353923205341539e-08
2.343906510851419011e-07
2.343906510851419011e-07
2.343906510851419011e-07
2.343906510851419011e-07
2.343906510851419011e-07
2.343906510851419011e-07
2.343906510851419011e-07
2.343906510851419011e-07
2.343906510851419011e-07
2.343906510851419011e-07
1.502504173622704488e-07
1.502504173622704488e-07
1.502504173622704488e-07
1.502504173622704488e-07
1.502504173622704488e-07
1.502504173622704488e-07
1.502504173622704488e-07
1.502504173622704488e-07
1.502504173622704488e-07
1.742904841402337322e-07
2.323873121869782832e-07
1.742904841402337322e-07
2.323873121869782832e-07
1.742904841402337322e-07
2.323873121869782832e-07
1.742904841402337322e-07
2.323873121869782832e-07
1.742904841402337322e-07
2.323873121869782832e-07
1.742904841402337322e-07
2.323873121869782832e-07
1.742904841402337322e-07
2.323873121869782832e-07
2.283806343906510737e-07
2.283806343906510737e-07
2.283806343906510737e-07
2.283806343906510737e-07
2.283806343906510737e-07
2.283806343906510737e-07
2.283806343906510737e-07
4.347245409015024819e-07
4.347245409015024819e-07
4.347245409015024819e-07
4.347245409015024819e-07
4.347245409015024819e-07
4.347245409015024819e-07
4.347245409015024819e-07
4.347245409015024819e-07
4.347245409015024819e-07
4.347245409015024819e-07
2.363939899833055191e-07
2.363939899833055191e-07
2.363939899833055191e-07
2.363939899833055191e-07
2.363939899833055191e-07
2.363939899833055191e-07
2.363939899833055191e-07
2.363939899833055191e-07
2.363939899833055191e-07
2.363939899833055191e-07
2.343906510851419011e-07
4.327212020033388903e-07
2.343906510851419011e-07
4.327212020033388903e-07
2.343906510851419011e-07
4.327212020033388903e-07
2.343906510851419011e-07
4.327212020033388903e-07
2.343906510851419011e-07
4.327212020033388903e-07
2.343906510851419011e-07
4.327212020033388903e-07
2.343906510851419011e-07
4.327212020033388903e-07
4.106844741235392249e-07
4.106844741235392249e-07
4.106844741235392249e-07
4.106844741235392249e-07
4.106844741235392249e-07
4.106844741235392249e-07
4.106844741235392249e-07
4.106844741235392249e-07
4.106844741235392249e-07
4.106844741235392249e-07
4.106844741235392249e-07
1.582637729549248678e-07
1.582637729549248678e-07
1.582637729549248678e-07
1.582637729549248678e-07
1.582637729549248678e-07
1.582637729549248678e-07
1.582637729549248678e-07
1.582637729549248678e-07
4.307178631051752988e-07
4.307178631051752988e-07
4.307178631051752988e-07
4.307178631051752988e-07
4.307178631051752988e-07
4.307178631051752988e-07
4.307178631051752988e-07
4.307178631051752988e-07
4.307178631051752988e-07
4.307178631051752988e-07
9.495826377295492595e-07
9.495826377295492595e-07
9.495826377295492595e-07
9.495826377295492595e-07
9.495826377295492595e-07
9.495826377295492595e-07
1.682804674457429047e-07
1.682804674457429047e-07
1.682804674457429047e-07
1.682804674457429047e-07
1.682804674457429047e-07
1.682804674457429047e-07
1.682804674457429047e-07
1.682804674457429047e-07
1.682804674457429047e-07
1.682804674457429047e-07
2.343906510851419011e-07
2.343906510851419011e-07
2.343906510851419011e-07
2.343906510851419011e-07
2.343906510851419011e-07
2.343906510851419011e-07
2.343906510851419011e-07
2.343906510851419011e-07
2.343906510851419011e-07
2.343906510851419011e-07
3.365609348914858095e-07
3.365609348914858095e-07
3.365609348914858095e-07
3.365609348914858095e-07
3.365609348914858095e-07
3.365609348914858095e-07
3.365609348914858095e-07
3.365609348914858095e-07
2.343906510851419011e-07
2.343906510851419011e-07
2.343906510851419011e-07
2.343906510851419011e-07
2.343906510851419011e-07
2.343906510851419011e-07
2.343906510851419011e-07
2.343906510851419011e-07
2.343906510851419011e-07
2.343906510851419011e-07
2.323873121869782832e-07
2.323873121869782832e-07
2.323873121869782832e-07
2.323873121869782832e-07
2.323873121869782832e-07
2.323873121869782832e-07
2.323873121869782832e-07
2.323873121869782832e-07
2.323873121869782832e-07
2.323873121869782832e-07
2.323873121869782832e-07
2.383973288814691106e-07
4.367278797996661263e-07
2.383973288814691106e-07
4.367278797996661263e-07
2.383973288814691106e-07
4.367278797996661263e-07
2.383973288814691106e-07
4.367278797996661263e-07
2.383973288814691106e-07
4.367278797996661263e-07
2.383973288814691106e-07
4.367278797996661263e-07
2.383973288814691106e-07
4.367278797996661263e-07
2.383973288814691106e-07
4.367278797996661263e-07
2.383973288814691106e-07
4.367278797996661263e-07
2.383973288814691106e-07
4.367278797996661263e-07
6.811352253756260115e-08
6.811352253756260115e-08
6.811352253756260115e-08
6.811352253756260115e-08
6.811352253756260115e-08
6.811352253756260115e-08
6.811352253756260115e-08
2.263772954924874821e-07
2.263772954924874821e-07
2.263772954924874821e-07
2.263772954924874821e-07
2.263772954924874821e-07
2.263772954924874821e-07
2.263772954924874821e-07
2.263772954924874821e-07
2.263772954924874821e-07
2.263772954924874821e-07
1.642737896494156952e-07
2.824707846410684680e-07
1.642737896494156952e-07
2.824707846410684680e-07
1.642737896494156952e-07
2.824707846410684680e-07
1.642737896494156952e-07
2.824707846410684680e-07
1.642737896494156952e-07
2.824707846410684680e-07
1.642737896494156952e-07
2.824707846410684680e-07
1.642737896494156952e-07
2.824707846410684680e-07
1.642737896494156952e-07
2.824707846410684680e-07
1.642737896494156952e-07
2.824707846410684680e-07
1.642737896494156952e-07
2.824707846410684680e-07
1.642737896494156952e-07
2.824707846410684680e-07
1.642737896494156952e-07
2.824707846410684680e-07
2.263772954924874821e-07
2.263772954924874821e-07
2.263772954924874821e-07
2.263772954924874821e-07
2.263772954924874821e-07
2.263772954924874821e-07
2.263772954924874821e-07
2.263772954924874821e-07
2.263772954924874821e-07
2.263772954924874821e-07
2.263772954924874821e-07
1.722871452420701142e-07
1.722871452420701142e-07
1.722871452420701142e-07
1.722871452420701142e-07
1.722871452420701142e-07
1.722871452420701142e-07
1.722871452420701142e-07
1.722871452420701142e-07
2.323873121869782832e-07
2.323873121869782832e-07
2.323873121869782832e-07
2.323873121869782832e-07
2.323873121869782832e-07
2.323873121869782832e-07
4.287145242070117073e-07
4.287145242070117073e-07
4.287145242070117073e-07
4.287145242070117073e-07
2.223706176961602726e-07
2.223706176961602726e-07
2.223706176961602726e-07
2.223706176961602726e-07
2.223706176961602726e-07
2.323873121869782832e-07
2.323873121869782832e-07
2.323873121869782832e-07
2.323873121869782832e-07
2.323873121869782832e-07
2.323873121869782832e-07
2.323873121869782832e-07
2.323873121869782832e-07
2.323873121869782832e-07
2.323873121869782832e-07
2.323873121869782832e-07
2.323873121869782832e-07
2.323873121869782832e-07
2.323873121869782832e-07
2.323873121869782832e-07
2.323873121869782832e-07
2.323873121869782832e-07
1.622704507512520773e-07
1.622704507512520773e-07
1.622704507512520773e-07
1.622704507512520773e-07
1.622704507512520773e-07
1.622704507512520773e-07
1.622704507512520773e-07
2.363939899833055191e-07
2.363939899833055191e-07
2.363939899833055191e-07
2.363939899833055191e-07
2.363939899833055191e-07
2.363939899833055191e-07
2.363939899833055191e-07
2.363939899833055191e-07
2.363939899833055191e-07
3.846410684474123234e-07
3.846410684474123234e-07
3.846410684474123234e-07
3.846410684474123234e-07
3.846410684474123234e-07
3.846410684474123234e-07
3.846410684474123234e-07
3.846410684474123234e-07
4.186978297161936439e-07
4.186978297161936439e-07
4.186978297161936439e-07
2.303839732888146916e-07
2.303839732888146916e-07
2.303839732888146916e-07
2.303839732888146916e-07
2.303839732888146916e-07
2.303839732888146916e-07
2.303839732888146916e-07
2.303839732888146916e-07
2.303839732888146916e-07
1.622704507512520773e-07
2.223706176961602726e-07
1.622704507512520773e-07
2.223706176961602726e-07
1.622704507512520773e-07
2.223706176961602726e-07
1.622704507512520773e-07
2.223706176961602726e-07
1.622704507512520773e-07
2.223706176961602726e-07
1.622704507512520773e-07
2.223706176961602726e-07
1.622704507512520773e-07
2.223706176961602726e-07
1.622704507512520773e-07
2.223706176961602726e-07
1.622704507512520773e-07
2.223706176961602726e-07
3.826377295492487319e-07
3.826377295492487319e-07
3.826377295492487319e-07
3.826377295492487319e-07
2.323873121869782832e-07
2.323873121869782832e-07
2.323873121869782832e-07
2.323873121869782832e-07
2.323873121869782832e-07
2.323873121869782832e-07
2.323873121869782832e-07
2.323873121869782832e-07
2.323873121869782832e-07
2.323873121869782832e-07
2.323873121869782832e-07
2.223706176961602726e-07
2.223706176961602726e-07
2.223706176961602726e-07
2.223706176961602726e-07
4.347245409015024819e-07
4.347245409015024819e-07
4.347245409015024819e-07
4.347245409015024819e-07
4.347245409015024819e-07
4.347245409015024819e-07
4.347245409015024819e-07
4.347245409015024819e-07
2.323873121869782832e-07
2.323873121869782832e-07
2.323873121869782832e-07
2.323873121869782832e-07
2.323873121869782832e-07
2.323873121869782832e-07
2.323873121869782832e-07
1.177963272120200280e-06
1.177963272120200280e-06
1.177963272120200280e-06
1.177963272120200280e-06
1.177963272120200280e-06
1.177963272120200280e-06
1.177963272120200280e-06
1.662771285475792868e-07
1.662771285475792868e-07
1.662771285475792868e-07
1.662771285475792868e-07
1.662771285475792868e-07
1.662771285475792868e-07
1.662771285475792868e-07
1.662771285475792868e-07
1.662771285475792868e-07
1.662771285475792868e-07
1.662771285475792868e-07
2.323873121869782832e-07
2.323873121869782832e-07
2.323873121869782832e-07
2.323873121869782832e-07
2.323873121869782832e-07
2.323873121869782832e-07
2.323873121869782832e-07
2.323873121869782832e-07
2.323873121869782832e-07
2.323873121869782832e-07
2.343906510851419011e-07
2.343906510851419011e-07
2.343906510851419011e-07
2.343906510851419011e-07
2.343906510851419011e-07
2.343906510851419011e-07
2.343906510851419011e-07
2.343906510851419011e-07
2.363939899833055191e-07
2.363939899833055191e-07
2.363939899833055191e-07
2.363939899833055191e-07
2.363939899833055191e-07
2.363939899833055191e-07
2.363939899833055191e-07
2.363939899833055191e-07
2.363939899833055191e-07
2.303839732888146916e-07
2.303839732888146916e-07
2.303839732888146916e-07
2.303839732888146916e-07
2.303839732888146916e-07
2.303839732888146916e-07
2.303839732888146916e-07
2.303839732888146916e-07
2.303839732888146916e-07
2.303839732888146916e-07
4.347245409015024819e-07
4.347245409015024819e-07
4.347245409015024819e-07
4.347245409015024819e-07
4.347245409015024819e-07
4.347245409015024819e-07
4.347245409015024819e-07
4.347245409015024819e-07
4.347245409015024819e-07
4.347245409015024819e-07
1.602671118530884857e-07
1.602671118530884857e-07
1.602671118530884857e-07
1.602671118530884857e-07
1.602671118530884857e-07
1.602671118530884857e-07
1.602671118530884857e-07
1.602671118530884857e-07
1.602671118530884857e-07
1.602671118530884857e-07
2.283806343906510737e-07
2.283806343906510737e-07
2.283806343906510737e-07
2.283806343906510737e-07
2.283806343906510737e-07
2.283806343906510737e-07
2.283806343906510737e-07
2.283806343906510737e-07
2.283806343906510737e-07
2.283806343906510737e-07
2.283806343906510737e-07
2.283806343906510737e-07
4.307178631051752988e-07
4.307178631051752988e-07
4.307178631051752988e-07
4.307178631051752988e-07
4.307178631051752988e-07
4.307178631051752988e-07
4.307178631051752988e-07
4.307178631051752988e-07
4.307178631051752988e-07
4.307178631051752988e-07
2.804674457429048302e-08
2.804674457429048302e-08
2.804674457429048302e-08
2.804674457429048302e-08
2.804674457429048302e-08
2.804674457429048302e-08
2.804674457429048302e-08
2.804674457429048302e-08
2.804674457429048302e-08
1.662771285475792868e-07
1.662771285475792868e-07
1.662771285475792868e-07
1.662771285475792868e-07
1.662771285475792868e-07
1.662771285475792868e-07
1.662771285475792868e-07
1.662771285475792868e-07
1.662771285475792868e-07
1.662771285475792868e-07
1.662771285475792868e-07
1.662771285475792868e-07
2.363939899833055191e-07
2.363939899833055191e-07
2.363939899833055191e-07
2.363939899833055191e-07
2.363939899833055191e-07
2.363939899833055191e-07
2.363939899833055191e-07
4.287145242070117073e-07
4.287145242070117073e-07
4.287145242070117073e-07
4.287145242070117073e-07
4.287145242070117073e-07
4.287145242070117073e-07
4.287145242070117073e-07
4.287145242070117073e-07
4.287145242070117073e-07
7.973288814691151398e-07
7.973288814691151398e-07
7.973288814691151398e-07
7.973288814691151398e-07
7.973288814691151398e-07
7.973288814691151398e-07
8.013355592654424287e-08
8.013355592654424287e-08
8.013355592654424287e-08
8.013355592654424287e-08
8.013355592654424287e-08
8.013355592654424287e-08
1.662771285475792868e-07
1.662771285475792868e-07
1.662771285475792868e-07
1.662771285475792868e-07
1.662771285475792868e-07
1.662771285475792868e-07
1.662771285475792868e-07
1.662771285475792868e-07
1.662771285475792868e-07
1.662771285475792868e-07
1.662771285475792868e-07
3.826377295492487319e-07
3.826377295492487319e-07
3.826377295492487319e-07
3.826377295492487319e-07
3.826377295492487319e-07
3.826377295492487319e-07
3.826377295492487319e-07
3.826377295492487319e-07
3.826377295492487319e-07
3.826377295492487319e-07
3.826377295492487319e-07
3.826377295492487319e-07
1.702838063439064963e-07
1.702838063439064963e-07
1.702838063439064963e-07
1.702838063439064963e-07
1.702838063439064963e-07
1.702838063439064963e-07
1.702838063439064963e-07
1.702838063439064963e-07
1.702838063439064963e-07
1.702838063439064963e-07
1.702838063439064963e-07
1.702838063439064963e-07
1.702838063439064963e-07
1.702838063439064963e-07
1.702838063439064963e-07
1.702838063439064963e-07
1.702838063439064963e-07
1.702838063439064963e-07
1.702838063439064963e-07
1.702838063439064963e-07
1.702838063439064963e-07
1.702838063439064963e-07
1.702838063439064963e-07
1.702838063439064963e-07
1.702838063439064963e-07
1.702838063439064963e-07
1.702838063439064963e-07
1.702838063439064963e-07
1.702838063439064963e-07
1.702838063439064963e-07
1.702838063439064963e-07
1.702838063439064963e-07
1.702838063439064963e-07
1.702838063439064963e-07
1.702838063439064963e-07
1.702838063439064963e-07
1.702838063439064963e-07
1.702838063439064963e-07
1.702838063439064963e-07
1.702838063439064963e-07
1.702838063439064963e-07
1.702838063439064963e-07
1.702838063439064963e-07
1.702838063439064963e-07
1.702838063439064963e-07
1.702838063439064963e-07
1.702838063439064963e-07
1.702838063439064963e-07
1.702838063439064963e-07
1.702838063439064963e-07
1.702838063439064963e-07
1.702838063439064963e-07
1.702838063439064963e-07
1.702838063439064963e-07
1.702838063439064963e-07
1.702838063439064963e-07
1.702838063439064963e-07
1.702838063439064963e-07
1.702838063439064963e-07
1.702838063439064963e-07
1.702838063439064963e-07
1.702838063439064963e-07
1.702838063439064963e-07
1.702838063439064963e-07
1.702838063439064963e-07
1.702838063439064963e-07
1.702838063439064963e-07
1.702838063439064963e-07
1.702838063439064963e-07
1.702838063439064963e-07
1.702838063439064963e-07
1.702838063439064963e-07
1.702838063439064963e-07
1.702838063439064963e-07
1.702838063439064963e-07
1.702838063439064963e-07
1.702838063439064963e-07
1.702838063439064963e-07
1.702838063439064963e-07
1.702838063439064963e-07
1.702838063439064963e-07
1.702838063439064963e-07
1.702838063439064963e-07
1.702838063439064963e-07
1.702838063439064963e-07
1.702838063439064963e-07
1.702838063439064963e-07
1.702838063439064963e-07
1.702838063439064963e-07
1.702838063439064963e-07
1.702838063439064963e-07
1.702838063439064963e-07
1.702838063439064963e-07
1.702838063439064963e-07
1.702838063439064963e-07
1.702838063439064963e-07
1.702838063439064963e-07
1.702838063439064963e-07
1.702838063439064963e-07
1.702838063439064963e-07
1.702838063439064963e-07
1.702838063439064963e-07
1.702838063439064963e-07
1.702838063439064963e-07
1.702838063439064963e-07
1.702838063439064963e-07
1.702838063439064963e-07
1.702838063439064963e-07
1.702838063439064963e-07
1.702838063439064963e-07
1.702838063439064963e-07
1.702838063439064963e-07
1.702838063439064963e-07
1.702838063439064963e-07
1.702838063439064963e-07
1.702838063439064963e-07
1.702838063439064963e-07
1.702838063439064963e-07
1.702838063439064963e-07
1.702838063439064963e-07
1.702838063439064963e-07
1.702838063439064963e-07
1.702838063439064963e-07
1.702838063439064963e-07
1.702838063439064963e-07
1.702838063439064963e-07
1.702838063439064963e-07
1.702838063439064963e-07
1.702838063439064963e-07
1.702838063439064963e-07
1.702838063439064963e-07
1.702838063439064963e-07
1.702838063439064963e-07
1.702838063439064963e-07
1.702838063439064963e-07
1.702838063439064963e-07
1.702838063439064963e-07
1.702838063439064963e-07
1.702838063439064963e-07
1.702838063439064963e-07
1.702838063439064963e-07
1.702838063439064963e-07
1.702838063439064963e-07
1.702838063439064963e-07
1.702838063439064963e-07
1.702838063439064963e-07
1.702838063439064963e-07
1.702838063439064963e-07
1.702838063439064963e-07
1.702838063439064963e-07
1.702838063439064963e-07
1.702838063439064963e-07
1.702838063439064963e-07
1.702838063439064963e-07
1.702838063439064963e-07
1.702838063439064963e-07
1.702838063439064963e-07
1.702838063439064963e-07
1.702838063439064963e-07
1.702838063439064963e-07
1.702838063439064963e-07
1.702838063439064963e-07
1.702838063439064963e-07
1.702838063439064963e-07
1.702838063439064963e-07
1.702838063439064963e-07
1.702838063439064963e-07
1.702838063439064963e-07
1.702838063439064963e-07
1.702838063439064963e-07
1.702838063439064963e-07
1.702838063439064963e-07
1.702838063439064963e-07
1.702838063439064963e-07
1.702838063439064963e-07
1.702838063439064963e-07
1.702838063439064963e-07
1.702838063439064963e-07
1.702838063439064963e-07
1.702838063439064963e-07
1.702838063439064963e-07
1.702838063439064963e-07
1.702838063439064963e-07
1.702838063439064963e-07
1.702838063439064963e-07
1.702838063439064963e-07
1.702838063439064963e-07
1.702838063439064963e-07
1.702838063439064963e-07
1.702838063439064963e-07
1.702838063439064963e-07
1.702838063439064963e-07
1.702838063439064963e-07
1.702838063439064963e-07
1.702838063439064963e-07
1.702838063439064963e-07
1.702838063439064963e-07
1.702838063439064963e-07
1.702838063439064963e-07
1.702838063439064963e-07
1.702838063439064963e-07
1.702838063439064963e-07
1.702838063439064963e-07
1.702838063439064963e-07
1.702838063439064963e-07
1.702838063439064963e-07
1.702838063439064963e-07
1.702838063439064963e-07
1.702838063439064963e-07
1.702838063439064963e-07
1.702838063439064963e-07
1.702838063439064963e-07
1.702838063439064963e-07
1.702838063439064963e-07
1.702838063439064963e-07
1.702838063439064963e-07
1.702838063439064963e-07
1.702838063439064963e-07
1.702838063439064963e-07
1.702838063439064963e-07
1.702838063439064963e-07
1.702838063439064963e-07
1.702838063439064963e-07
1.702838063439064963e-07
1.702838063439064963e-07
1.702838063439064963e-07
1.702838063439064963e-07
1.702838063439064963e-07
1.702838063439064963e-07
1.702838063439064963e-07
1.702838063439064963e-07
1.702838063439064963e-07
1.702838063439064963e-07
1.702838063439064963e-07
1.702838063439064963e-07
1.702838063439064963e-07
1.702838063439064963e-07
1.702838063439064963e-07
1.702838063439064963e-07
1.702838063439064963e-07
1.702838063439064963e-07
1.702838063439064963e-07
1.702838063439064963e-07
1.702838063439064963e-07
1.702838063439064963e-07
1.702838063439064963e-07
1.702838063439064963e-07
1.702838063439064963e-07
1.702838063439064963e-07
1.702838063439064963e-07
1.702838063439064963e-07
1.702838063439064963e-07
1.702838063439064963e-07
1.702838063439064963e-07
1.702838063439064963e-07
1.702838063439064963e-07
1.702838063439064963e-07
1.702838063439064963e-07
1.702838063439064963e-07
1.702838063439064963e-07
1.702838063439064963e-07
1.702838063439064963e-07
1.702838063439064963e-07
1.702838063439064963e-07
1.702838063439064963e-07
1.702838063439064963e-07
1.702838063439064963e-07
1.702838063439064963e-07
1.702838063439064963e-07
1.702838063439064963e-07
1.702838063439064963e-07
1.702838063439064963e-07
1.702838063439064963e-07
1.702838063439064963e-07
1.702838063439064963e-07
1.702838063439064963e-07
1.702838063439064963e-07
1.702838063439064963e-07
1.702838063439064963e-07
1.702838063439064963e-07
1.702838063439064963e-07
1.702838063439064963e-07
1.702838063439064963e-07
1.702838063439064963e-07
1.702838063439064963e-07
1.702838063439064963e-07
1.702838063439064963e-07
1.702838063439064963e-07
1.702838063439064963e-07
1.702838063439064963e-07
1.702838063439064963e-07
1.702838063439064963e-07
1.702838063439064963e-07
1.702838063439064963e-07
1.702838063439064963e-07
1.702838063439064963e-07
1.702838063439064963e-07
1.702838063439064963e-07
1.702838063439064963e-07
1.702838063439064963e-07
1.702838063439064963e-07
1.702838063439064963e-07
1.702838063439064963e-07
1.702838063439064963e-07
1.702838063439064963e-07
1.702838063439064963e-07
1.702838063439064963e-07
1.702838063439064963e-07
2.323873121869782832e-07
2.323873121869782832e-07
2.323873121869782832e-07
2.323873121869782832e-07
2.323873121869782832e-07
2.323873121869782832e-07
2.303839732888146916e-07
2.303839732888146916e-07
2.303839732888146916e-07
2.303839732888146916e-07
2.303839732888146916e-07
2.363939899833055191e-07
2.363939899833055191e-07
2.363939899833055191e-07
2.363939899833055191e-07
2.363939899833055191e-07
2.363939899833055191e-07
2.363939899833055191e-07
2.363939899833055191e-07
1.782971619365609417e-07
1.782971619365609417e-07
1.782971619365609417e-07
1.782971619365609417e-07
2.303839732888146916e-07
2.303839732888146916e-07
2.303839732888146916e-07
2.303839732888146916e-07
2.303839732888146916e-07
2.303839732888146916e-07
2.303839732888146916e-07
2.303839732888146916e-07
4.347245409015024819e-07
4.347245409015024819e-07
4.347245409015024819e-07
4.347245409015024819e-07
4.347245409015024819e-07
4.347245409015024819e-07
4.347245409015024819e-07
4.347245409015024819e-07
4.347245409015024819e-07
1.662771285475792868e-07
2.243739565943238642e-07
1.662771285475792868e-07
2.243739565943238642e-07
1.662771285475792868e-07
2.243739565943238642e-07
1.662771285475792868e-07
2.243739565943238642e-07
2.323873121869782832e-07
2.323873121869782832e-07
2.323873121869782832e-07
2.323873121869782832e-07
2.323873121869782832e-07
2.323873121869782832e-07
2.323873121869782832e-07
2.323873121869782832e-07
2.343906510851419011e-07
2.343906510851419011e-07
2.343906510851419011e-07
2.343906510851419011e-07
2.343906510851419011e-07
2.343906510851419011e-07
2.263772954924874821e-07
2.263772954924874821e-07
2.263772954924874821e-07
2.263772954924874821e-07
2.263772954924874821e-07
2.263772954924874821e-07
2.263772954924874821e-07
2.303839732888146916e-07
2.303839732888146916e-07
2.303839732888146916e-07
2.303839732888146916e-07
2.303839732888146916e-07
2.303839732888146916e-07
2.303839732888146916e-07
2.303839732888146916e-07
2.303839732888146916e-07
2.303839732888146916e-07
2.303839732888146916e-07
2.303839732888146916e-07
2.303839732888146916e-07
2.303839732888146916e-07
2.303839732888146916e-07
2.303839732888146916e-07
2.303839732888146916e-07
2.343906510851419011e-07
2.343906510851419011e-07
2.343906510851419011e-07
2.343906510851419011e-07
2.343906510851419011e-07
2.343906510851419011e-07
2.343906510851419011e-07
2.263772954924874821e-07
2.263772954924874821e-07
2.263772954924874821e-07
2.263772954924874821e-07
2.263772954924874821e-07
2.263772954924874821e-07
2.263772954924874821e-07
2.263772954924874821e-07
2.263772954924874821e-07
2.263772954924874821e-07
2.263772954924874821e-07
1.782971619365609417e-07
1.782971619365609417e-07
1.782971619365609417e-07
1.782971619365609417e-07
1.782971619365609417e-07
2.343906510851419011e-07
2.343906510851419011e-07
2.343906510851419011e-07
2.343906510851419011e-07
2.343906510851419011e-07
2.343906510851419011e-07
2.343906510851419011e-07
2.343906510851419011e-07
2.343906510851419011e-07
2.343906510851419011e-07
2.343906510851419011e-07
4.327212020033388903e-07
4.327212020033388903e-07
4.327212020033388903e-07
4.327212020033388903e-07
4.327212020033388903e-07
4.327212020033388903e-07
4.327212020033388903e-07
4.327212020033388903e-07
4.327212020033388903e-07
4.327212020033388903e-07
4.327212020033388903e-07
4.327212020033388903e-07
4.327212020033388903e-07
2.343906510851419011e-07
2.343906510851419011e-07
2.343906510851419011e-07
2.343906510851419011e-07
2.343906510851419011e-07
2.343906510851419011e-07
2.343906510851419011e-07
2.343906510851419011e-07
2.343906510851419011e-07
2.343906510851419011e-07
2.343906510851419011e-07
2.343906510851419011e-07
2.343906510851419011e-07
2.343906510851419011e-07
2.343906510851419011e-07
2.343906510851419011e-07
2.343906510851419011e-07
2.343906510851419011e-07
2.343906510851419011e-07
2.343906510851419011e-07
2.343906510851419011e-07
2.343906510851419011e-07
2.303839732888146916e-07
2.303839732888146916e-07
2.303839732888146916e-07
2.303839732888146916e-07
2.303839732888146916e-07
2.303839732888146916e-07
2.303839732888146916e-07
2.303839732888146916e-07
2.303839732888146916e-07
2.303839732888146916e-07
2.303839732888146916e-07
2.303839732888146916e-07
2.303839732888146916e-07
2.303839732888146916e-07
1.702838063439064963e-07
2.303839732888146916e-07
1.702838063439064963e-07
2.303839732888146916e-07
1.702838063439064963e-07
2.303839732888146916e-07
1.702838063439064963e-07
2.303839732888146916e-07
1.702838063439064963e-07
2.303839732888146916e-07
1.702838063439064963e-07
2.303839732888146916e-07
1.702838063439064963e-07
2.303839732888146916e-07
1.702838063439064963e-07
2.303839732888146916e-07
1.702838063439064963e-07
2.303839732888146916e-07
2.343906510851419011e-07
2.343906510851419011e-07
2.343906510851419011e-07
2.343906510851419011e-07
2.343906510851419011e-07
2.343906510851419011e-07
2.343906510851419011e-07
1.742904841402337322e-07
2.343906510851419011e-07
1.742904841402337322e-07
2.343906510851419011e-07
1.742904841402337322e-07
2.343906510851419011e-07
1.742904841402337322e-07
2.343906510851419011e-07
1.742904841402337322e-07
2.343906510851419011e-07
1.742904841402337322e-07
2.343906510851419011e-07
1.742904841402337322e-07
2.343906510851419011e-07
1.742904841402337322e-07
2.343906510851419011e-07
1.742904841402337322e-07
2.343906510851419011e-07
2.283806343906510737e-07
2.283806343906510737e-07
2.283806343906510737e-07
2.283806343906510737e-07
2.283806343906510737e-07
2.2838063439065107