4.327212020033388903e-07
4.327212020033388903e-07
4.327212020033388903e-07
4.327212020033388903e-07
4.327212020033388903e-07
4.327212020033388903e-07
4.327212020033388903e-07
4.327212020033388903e-07
2.323873121869782832e-07
2.323873121869782832e-07
2.323873121869782832e-07
2.323873121869782832e-07
2.323873121869782832e-07
2.323873121869782832e-07
2.323873121869782832e-07
2.323873121869782832e-07
2.323873121869782832e-07
2.323873121869782832e-07
2.323873121869782832e-07
2.323873121869782832e-07
2.363939899833055191e-07
2.363939899833055191e-07
2.363939899833055191e-07
2.363939899833055191e-07
2.363939899833055191e-07
2.363939899833055191e-07
2.363939899833055191e-07
2.363939899833055191e-07
8.494156928213689427e-07
8.494156928213689427e-07
8.494156928213689427e-07
8.494156928213689427e-07
8.494156928213689427e-07
8.494156928213689427e-07
8.494156928213689427e-07
8.494156928213689427e-07
8.494156928213689427e-07
4.307178631051752988e-07
4.307178631051752988e-07
4.307178631051752988e-07
4.307178631051752988e-07
4.307178631051752988e-07
4.307178631051752988e-07
4.307178631051752988e-07
4.307178631051752988e-07
4.307178631051752988e-07
4.307178631051752988e-07
8.434056761268781152e-07
8.434056761268781152e-07
8.434056761268781152e-07
8.434056761268781152e-07
8.434056761268781152e-07
8.434056761268781152e-07
8.434056761268781152e-07
0.000000000000000000e+00
0.000000000000000000e+00
0.000000000000000000e+00
0.000000000000000000e+00
0.000000000000000000e+00
0.000000000000000000e+00
0.000000000000000000e+00
0.000000000000000000e+00
0.000000000000000000e+00
0.000000000000000000e+00
2.363939899833055191e-07
2.363939899833055191e-07
2.363939899833055191e-07
2.363939899833055191e-07
2.363939899833055191e-07
2.363939899833055191e-07
2.363939899833055191e-07
2.363939899833055191e-07
2.363939899833055191e-07
9.015025041736227456e-07
9.015025041736227456e-07
9.015025041736227456e-07
9.015025041736227456e-07
9.015025041736227456e-07
9.015025041736227456e-07
9.015025041736227456e-07
9.015025041736227456e-07
9.015025041736227456e-07
9.015025041736227456e-07
9.015025041736227456e-07
9.015025041736227456e-07
2.343906510851419011e-07
2.343906510851419011e-07
2.343906510851419011e-07
2.343906510851419011e-07
2.343906510851419011e-07
2.343906510851419011e-07
2.343906510851419011e-07
8.053422370617696118e-07
8.053422370617696118e-07
8.053422370617696118e-07
8.053422370617696118e-07
8.053422370617696118e-07
8.053422370617696118e-07
8.053422370617696118e-07
9.175292153589315835e-07
9.175292153589315835e-07
9.175292153589315835e-07
9.175292153589315835e-07
9.175292153589315835e-07
9.175292153589315835e-07
9.175292153589315835e-07
9.175292153589315835e-07
9.175292153589315835e-07
9.175292153589315835e-07
9.175292153589315835e-07
9.175292153589315835e-07
2.323873121869782832e-07
2.323873121869782832e-07
2.323873121869782832e-07
2.323873121869782832e-07
2.323873121869782832e-07
2.323873121869782832e-07
2.323873121869782832e-07
2.323873121869782832e-07
3.806343906510851669e-08
3.806343906510851669e-08
3.806343906510851669e-08
3.806343906510851669e-08
3.806343906510851669e-08
3.806343906510851669e-08
3.806343906510851669e-08
3.806343906510851669e-08
4.387312186978297178e-07
4.387312186978297178e-07
4.387312186978297178e-07
4.387312186978297178e-07
4.387312186978297178e-07
4.387312186978297178e-07
4.387312186978297178e-07
1.863105175292153607e-07
1.863105175292153607e-07
1.863105175292153607e-07
1.863105175292153607e-07
1.863105175292153607e-07
1.863105175292153607e-07
1.863105175292153607e-07
8.574290484140234146e-07
8.574290484140234146e-07
8.574290484140234146e-07
8.574290484140234146e-07
8.574290484140234146e-07
8.574290484140234146e-07
8.574290484140234146e-07
8.574290484140234146e-07
8.574290484140234146e-07
8.574290484140234146e-07
8.574290484140234146e-07
8.574290484140234146e-07
8.574290484140234146e-07
8.574290484140234146e-07
8.574290484140234146e-07
8.574290484140234146e-07
8.574290484140234146e-07
8.574290484140234146e-07
8.574290484140234146e-07
8.574290484140234146e-07
8.574290484140234146e-07
8.574290484140234146e-07
8.574290484140234146e-07
8.574290484140234146e-07
8.574290484140234146e-07
8.574290484140234146e-07
8.574290484140234146e-07
8.574290484140234146e-07
8.574290484140234146e-07
8.574290484140234146e-07
8.574290484140234146e-07
8.574290484140234146e-07
8.574290484140234146e-07
8.574290484140234146e-07
8.574290484140234146e-07
8.574290484140234146e-07
8.574290484140234146e-07
8.574290484140234146e-07
8.574290484140234146e-07
8.574290484140234146e-07
8.574290484140234146e-07
8.574290484140234146e-07
8.574290484140234146e-07
8.574290484140234146e-07
8.574290484140234146e-07
8.574290484140234146e-07
8.574290484140234146e-07
8.574290484140234146e-07
8.574290484140234146e-07
8.574290484140234146e-07
8.574290484140234146e-07
8.574290484140234146e-07
8.574290484140234146e-07
8.574290484140234146e-07
8.574290484140234146e-07
8.574290484140234146e-07
8.574290484140234146e-07
8.574290484140234146e-07
8.574290484140234146e-07
8.574290484140234146e-07
8.574290484140234146e-07
8.574290484140234146e-07
8.574290484140234146e-07
8.574290484140234146e-07
8.574290484140234146e-07
8.574290484140234146e-07
8.574290484140234146e-07
8.574290484140234146e-07
8.574290484140234146e-07
8.574290484140234146e-07
8.574290484140234146e-07
8.574290484140234146e-07
8.574290484140234146e-07
8.574290484140234146e-07
8.574290484140234146e-07
8.574290484140234146e-07
8.574290484140234146e-07
8.574290484140234146e-07
8.574290484140234146e-07
8.574290484140234146e-07
8.574290484140234146e-07
8.574290484140234146e-07
8.574290484140234146e-07
8.574290484140234146e-07
8.574290484140234146e-07
8.574290484140234146e-07
8.574290484140234146e-07
8.574290484140234146e-07
8.574290484140234146e-07
8.574290484140234146e-07
8.574290484140234146e-07
8.574290484140234146e-07
8.574290484140234146e-07
8.574290484140234146e-07
8.574290484140234146e-07
8.574290484140234146e-07
8.574290484140234146e-07
8.574290484140234146e-07
8.574290484140234146e-07
8.574290484140234146e-07
8.574290484140234146e-07
8.574290484140234146e-07
8.574290484140234146e-07
8.574290484140234146e-07
8.574290484140234146e-07
8.574290484140234146e-07
8.574290484140234146e-07
8.574290484140234146e-07
8.574290484140234146e-07
8.574290484140234146e-07
8.574290484140234146e-07
8.574290484140234146e-07
8.574290484140234146e-07
8.574290484140234146e-07
8.574290484140234146e-07
8.574290484140234146e-07
8.574290484140234146e-07
8.574290484140234146e-07
8.574290484140234146e-07
8.574290484140234146e-07
8.574290484140234146e-07
8.574290484140234146e-07
8.574290484140234146e-07
8.574290484140234146e-07
8.574290484140234146e-07
8.574290484140234146e-07
8.574290484140234146e-07
8.574290484140234146e-07
8.574290484140234146e-07
8.574290484140234146e-07
8.574290484140234146e-07
8.574290484140234146e-07
8.574290484140234146e-07
8.574290484140234146e-07
8.574290484140234146e-07
8.574290484140234146e-07
8.574290484140234146e-07
8.574290484140234146e-07
8.574290484140234146e-07
8.574290484140234146e-07
8.574290484140234146e-07
8.574290484140234146e-07
8.574290484140234146e-07
8.574290484140234146e-07
8.574290484140234146e-07
8.574290484140234146e-07
8.574290484140234146e-07
8.574290484140234146e-07
8.574290484140234146e-07
8.574290484140234146e-07
8.574290484140234146e-07
8.574290484140234146e-07
8.574290484140234146e-07
8.574290484140234146e-07
8.574290484140234146e-07
8.574290484140234146e-07
8.574290484140234146e-07
8.574290484140234146e-07
8.574290484140234146e-07
8.574290484140234146e-07
8.574290484140234146e-07
8.574290484140234146e-07
8.574290484140234146e-07
8.574290484140234146e-07
8.574290484140234146e-07
8.574290484140234146e-07
8.574290484140234146e-07
8.574290484140234146e-07
8.574290484140234146e-07
8.574290484140234146e-07
8.574290484140234146e-07
8.574290484140234146e-07
8.574290484140234146e-07
8.574290484140234146e-07
8.574290484140234146e-07
8.574290484140234146e-07
8.574290484140234146e-07
8.574290484140234146e-07
8.574290484140234146e-07
8.574290484140234146e-07
8.574290484140234146e-07
8.574290484140234146e-07
8.574290484140234146e-07
8.574290484140234146e-07
8.574290484140234146e-07
8.574290484140234146e-07
8.574290484140234146e-07
8.574290484140234146e-07
8.574290484140234146e-07
8.574290484140234146e-07
8.574290484140234146e-07
8.574290484140234146e-07
8.574290484140234146e-07
8.574290484140234146e-07
8.574290484140234146e-07
8.574290484140234146e-07
8.574290484140234146e-07
8.574290484140234146e-07
8.574290484140234146e-07
8.574290484140234146e-07
8.574290484140234146e-07
8.574290484140234146e-07
8.574290484140234146e-07
8.574290484140234146e-07
8.574290484140234146e-07
8.574290484140234146e-07
8.574290484140234146e-07
8.574290484140234146e-07
8.574290484140234146e-07
8.574290484140234146e-07
8.574290484140234146e-07
8.574290484140234146e-07
8.574290484140234146e-07
8.574290484140234146e-07
8.574290484140234146e-07
2.343906510851419011e-07
2.343906510851419011e-07
2.343906510851419011e-07
2.343906510851419011e-07
2.343906510851419011e-07
2.343906510851419011e-07
2.343906510851419011e-07
2.343906510851419011e-07
4.347245409015024819e-07
4.347245409015024819e-07
4.347245409015024819e-07
4.347245409015024819e-07
4.347245409015024819e-07
4.347245409015024819e-07
4.347245409015024819e-07
4.347245409015024819e-07
4.347245409015024819e-07
4.006677796327211978e-09
4.006677796327211978e-09
4.006677796327211978e-09
4.006677796327211978e-09
4.006677796327211978e-09
4.006677796327211978e-09
4.006677796327211978e-09
4.006677796327211978e-09
4.006677796327211978e-09
4.006677796327211978e-09
4.407345575959933093e-08
4.407345575959933093e-08
4.407345575959933093e-08
4.407345575959933093e-08
4.407345575959933093e-08
4.407345575959933093e-08
4.407345575959933093e-08
4.407345575959933093e-08
4.407345575959933093e-08
4.407345575959933093e-08
6.711185308848079745e-07
6.711185308848079745e-07
6.711185308848079745e-07
6.711185308848079745e-07
6.711185308848079745e-07
6.711185308848079745e-07
6.711185308848079745e-07
6.711185308848079745e-07
6.711185308848079745e-07
6.711185308848079745e-07
1.125876460767946583e-06
1.125876460767946583e-06
1.125876460767946583e-06
1.125876460767946583e-06
1.125876460767946583e-06
1.125876460767946583e-06
1.125876460767946583e-06
1.125876460767946583e-06
1.125876460767946583e-06
8.414023372287145237e-08
8.414023372287145237e-08
8.414023372287145237e-08
8.414023372287145237e-08
8.414023372287145237e-08
8.414023372287145237e-08
8.414023372287145237e-08
8.414023372287145237e-08
8.414023372287145237e-08
8.414023372287145237e-08
1.005676126878130245e-06
1.005676126878130245e-06
1.005676126878130245e-06
1.005676126878130245e-06
1.005676126878130245e-06
1.005676126878130245e-06
1.005676126878130245e-06
1.005676126878130245e-06
1.005676126878130245e-06
2.303839732888146916e-07
2.303839732888146916e-07
2.303839732888146916e-07
2.303839732888146916e-07
2.303839732888146916e-07
2.303839732888146916e-07
2.303839732888146916e-07
2.303839732888146916e-07
2.343906510851419011e-07
2.343906510851419011e-07
2.343906510851419011e-07
2.343906510851419011e-07
2.343906510851419011e-07
2.343906510851419011e-07
2.343906510851419011e-07
2.343906510851419011e-07
2.343906510851419011e-07
2.343906510851419011e-07
2.343906510851419011e-07
2.343906510851419011e-07
1.063772954924874876e-06
1.063772954924874876e-06
1.063772954924874876e-06
1.063772954924874876e-06
1.063772954924874876e-06
1.063772954924874876e-06
1.063772954924874876e-06
4.547579298831385558e-07
4.547579298831385558e-07
4.547579298831385558e-07
4.547579298831385558e-07
4.547579298831385558e-07
4.547579298831385558e-07
4.547579298831385558e-07
4.547579298831385558e-07
4.547579298831385558e-07
4.547579298831385558e-07
4.547579298831385558e-07
1.943238731218697797e-07
2.323873121869782832e-07
1.943238731218697797e-07
2.323873121869782832e-07
1.943238731218697797e-07
2.323873121869782832e-07
1.943238731218697797e-07
2.323873121869782832e-07
1.943238731218697797e-07
2.323873121869782832e-07
1.943238731218697797e-07
2.323873121869782832e-07
1.943238731218697797e-07
2.323873121869782832e-07
1.943238731218697797e-07
2.323873121869782832e-07
1.943238731218697797e-07
2.323873121869782832e-07
1.943238731218697797e-07
2.323873121869782832e-07
2.303839732888146916e-07
2.303839732888146916e-07
2.303839732888146916e-07
2.303839732888146916e-07
6.530884808013355979e-07
7.552587646076794533e-07
6.530884808013355979e-07
7.552587646076794533e-07
6.530884808013355979e-07
7.552587646076794533e-07
6.530884808013355979e-07
7.552587646076794533e-07
6.530884808013355979e-07
7.552587646076794533e-07
6.530884808013355979e-07
7.552587646076794533e-07
6.530884808013355979e-07
7.552587646076794533e-07
6.530884808013355979e-07
7.552587646076794533e-07
6.530884808013355979e-07
7.552587646076794533e-07
6.530884808013355979e-07
7.552587646076794533e-07
6.530884808013355979e-07
7.552587646076794533e-07
6.530884808013355979e-07
7.552587646076794533e-07
9.015025041736227456e-07
9.015025041736227456e-07
9.015025041736227456e-07
9.015025041736227456e-07
9.015025041736227456e-07
9.015025041736227456e-07
9.015025041736227456e-07
9.015025041736227456e-07
9.015025041736227456e-07
9.015025041736227456e-07
9.015025041736227456e-07
4.347245409015024819e-07
4.347245409015024819e-07
4.347245409015024819e-07
4.347245409015024819e-07
4.347245409015024819e-07
4.347245409015024819e-07
4.347245409015024819e-07
4.347245409015024819e-07
4.347245409015024819e-07
4.347245409015024819e-07
4.347245409015024819e-07
2.343906510851419011e-07
2.343906510851419011e-07
2.343906510851419011e-07
2.343906510851419011e-07
2.303839732888146916e-07
2.303839732888146916e-07
2.303839732888146916e-07
2.303839732888146916e-07
2.303839732888146916e-07
2.303839732888146916e-07
2.303839732888146916e-07
2.303839732888146916e-07
2.303839732888146916e-07
2.303839732888146916e-07
2.303839732888146916e-07
4.207011686143572618e-08
4.207011686143572618e-08
4.207011686143572618e-08
4.207011686143572618e-08
4.207011686143572618e-08
4.207011686143572618e-08
4.207011686143572618e-08
4.207011686143572618e-08
