7.212020033388981064e-08
7.212020033388981064e-08
7.212020033388981064e-08
7.212020033388981064e-08
7.212020033388981064e-08
7.212020033388981064e-08
7.212020033388981064e-08
7.212020033388981064e-08
6.811352253756260115e-08
6.811352253756260115e-08
6.811352253756260115e-08
6.811352253756260115e-08
6.811352253756260115e-08
6.811352253756260115e-08
6.811352253756260115e-08
6.811352253756260115e-08
1.803005008347245266e-08
1.803005008347245266e-08
1.803005008347245266e-08
1.803005008347245266e-08
1.803005008347245266e-08
1.803005008347245266e-08
1.803005008347245266e-08
1.803005008347245266e-08
1.242070116861435738e-07
1.242070116861435738e-07
1.242070116861435738e-07
1.242070116861435738e-07
1.242070116861435738e-07
1.242070116861435738e-07
1.242070116861435738e-07
1.242070116861435738e-07
5.008347245409015180e-08
5.008347245409015180e-08
5.008347245409015180e-08
5.008347245409015180e-08
5.008347245409015180e-08
5.008347245409015180e-08
5.008347245409015180e-08
5.008347245409015180e-08
5.008347245409015180e-08
5.008347245409015180e-08
8.414023372287145237e-08
8.414023372287145237e-08
8.414023372287145237e-08
8.414023372287145237e-08
8.414023372287145237e-08
8.414023372287145237e-08
8.414023372287145237e-08
8.414023372287145237e-08
8.414023372287145237e-08
0.000000000000000000e+00
0.000000000000000000e+00
0.000000000000000000e+00
0.000000000000000000e+00
0.000000000000000000e+00
0.000000000000000000e+00
0.000000000000000000e+00
0.000000000000000000e+00
0.000000000000000000e+00
0.000000000000000000e+00
0.000000000000000000e+00
4.006677796327212144e-08
4.006677796327212144e-08
4.006677796327212144e-08
4.006677796327212144e-08
4.006677796327212144e-08
4.006677796327212144e-08
4.006677796327212144e-08
4.006677796327212144e-08
4.006677796327212144e-08
4.006677796327212144e-08
4.006677796327212144e-08
4.006677796327212144e-08
6.010016694490817554e-09
6.010016694490817554e-09
6.010016694490817554e-09
6.010016694490817554e-09
6.010016694490817554e-09
6.010016694490817554e-09
6.010016694490817554e-09
6.010016694490817554e-09
6.010016694490817554e-09
6.010016694490817554e-09
