4.667779632721202108e-07
4.667779632721202108e-07
4.667779632721202108e-07
4.667779632721202108e-07
4.667779632721202108e-07
4.667779632721202108e-07
4.667779632721202108e-07
4.667779632721202108e-07
4.667779632721202108e-07
4.667779632721202108e-07
4.667779632721202108e-07
6.050083472454089781e-07
6.050083472454089781e-07
6.050083472454089781e-07
6.050083472454089781e-07
6.050083472454089781e-07
6.050083472454089781e-07
6.050083472454089781e-07
6.050083472454089781e-07
6.050083472454089781e-07
6.050083472454089781e-07
6.050083472454089781e-07
1.119866444073455650e-06
1.119866444073455650e-06
1.119866444073455650e-06
1.119866444073455650e-06
1.119866444073455650e-06
1.119866444073455650e-06
1.119866444073455650e-06
1.119866444073455650e-06
4.046744574290483974e-07
4.046744574290483974e-07
4.046744574290483974e-07
4.046744574290483974e-07
4.046744574290483974e-07
6.010016694490817951e-07
6.010016694490817951e-07
6.010016694490817951e-07
6.010016694490817951e-07
6.010016694490817951e-07
6.010016694490817951e-07
6.010016694490817951e-07
6.010016694490817951e-07
6.010016694490817951e-07
6.611018363939899640e-07
6.611018363939899640e-07
6.611018363939899640e-07
6.611018363939899640e-07
6.611018363939899640e-07
6.611018363939899640e-07
6.611018363939899640e-07
6.611018363939899640e-07
6.611018363939899640e-07
3.806343906510851669e-08
5.649415692821369361e-07
3.806343906510851669e-08
5.649415692821369361e-07
3.806343906510851669e-08
5.649415692821369361e-07
3.806343906510851669e-08
5.649415692821369361e-07
3.806343906510851669e-08
5.649415692821369361e-07
3.806343906510851669e-08
5.649415692821369361e-07
3.806343906510851669e-08
5.649415692821369361e-07
3.806343906510851669e-08
5.649415692821369361e-07
3.806343906510851669e-08
5.649415692821369361e-07
