2.343906510851419011e-07
2.343906510851419011e-07
2.343906510851419011e-07
2.343906510851419011e-07
2.343906510851419011e-07
2.343906510851419011e-07
2.343906510851419011e-07
2.343906510851419011e-07
2.343906510851419011e-07
2.343906510851419011e-07
2.343906510851419011e-07
2.343906510851419011e-07
2.343906510851419011e-07
2.343906510851419011e-07
2.343906510851419011e-07
2.343906510851419011e-07
2.343906510851419011e-07
2.343906510851419011e-07
1.322203672787979928e-07
1.322203672787979928e-07
1.322203672787979928e-07
1.322203672787979928e-07
1.322203672787979928e-07
1.322203672787979928e-07
1.322203672787979928e-07
4.207011686143572354e-07
4.207011686143572354e-07
4.207011686143572354e-07
4.207011686143572354e-07
4.207011686143572354e-07
4.207011686143572354e-07
4.207011686143572354e-07
4.207011686143572354e-07
4.207011686143572354e-07
4.207011686143572354e-07
4.207011686143572354e-07
4.207011686143572354e-07
4.207011686143572354e-07
4.307178631051752988e-07
4.307178631051752988e-07
4.307178631051752988e-07
4.307178631051752988e-07
4.307178631051752988e-07
4.307178631051752988e-07
4.307178631051752988e-07
4.307178631051752988e-07
4.347245409015024819e-07
4.347245409015024819e-07
4.347245409015024819e-07
4.347245409015024819e-07
4.347245409015024819e-07
4.347245409015024819e-07
4.347245409015024819e-07
4.347245409015024819e-07
4.347245409015024819e-07
6.010016694490817554e-09
6.010016694490817554e-09
6.010016694490817554e-09
6.010016694490817554e-09
6.010016694490817554e-09
6.010016694490817554e-09
6.010016694490817554e-09
6.010016694490817554e-09
6.010016694490817554e-09
6.010016694490817554e-09
0.000000000000000000e+00
0.000000000000000000e+00
0.000000000000000000e+00
0.000000000000000000e+00
0.000000000000000000e+00
0.000000000000000000e+00
0.000000000000000000e+00
0.000000000000000000e+00
0.000000000000000000e+00
0.000000000000000000e+00
2.303839732888146916e-07
2.303839732888146916e-07
2.303839732888146916e-07
6.811352253756260115e-08
6.811352253756260115e-08
6.811352253756260115e-08
6.811352253756260115e-08
6.811352253756260115e-08
6.811352253756260115e-08
6.811352253756260115e-08
6.811352253756260115e-08
6.811352253756260115e-08
6.811352253756260115e-08
6.811352253756260115e-08
2.323873121869782832e-07
2.323873121869782832e-07
2.323873121869782832e-07
2.323873121869782832e-07
2.323873121869782832e-07
2.323873121869782832e-07
2.323873121869782832e-07
2.323873121869782832e-07
1.081803005008347226e-07
1.081803005008347226e-07
1.081803005008347226e-07
1.081803005008347226e-07
1.081803005008347226e-07
1.081803005008347226e-07
1.081803005008347226e-07
1.081803005008347226e-07
1.081803005008347226e-07
1.081803005008347226e-07
1.081803005008347226e-07
2.303839732888146916e-07
2.303839732888146916e-07
2.303839732888146916e-07
2.303839732888146916e-07
2.303839732888146916e-07
2.343906510851419011e-07
2.343906510851419011e-07
2.343906510851419011e-07
2.343906510851419011e-07
2.343906510851419011e-07
2.343906510851419011e-07
2.343906510851419011e-07
4.307178631051752988e-07
4.307178631051752988e-07
4.307178631051752988e-07
4.307178631051752988e-07
4.307178631051752988e-07
4.307178631051752988e-07
4.307178631051752988e-07
4.307178631051752988e-07
2.363939899833055191e-07
2.363939899833055191e-07
2.363939899833055191e-07
2.363939899833055191e-07
2.363939899833055191e-07
2.363939899833055191e-07
2.363939899833055191e-07
2.363939899833055191e-07
2.363939899833055191e-07
2.363939899833055191e-07
2.323873121869782832e-07
2.323873121869782832e-07
2.323873121869782832e-07
2.323873121869782832e-07
2.323873121869782832e-07
2.303839732888146916e-07
2.303839732888146916e-07
2.303839732888146916e-07
2.303839732888146916e-07
2.303839732888146916e-07
2.303839732888146916e-07
2.303839732888146916e-07
2.303839732888146916e-07
2.303839732888146916e-07
2.303839732888146916e-07
2.303839732888146916e-07
2.303839732888146916e-07
2.303839732888146916e-07
2.303839732888146916e-07
2.303839732888146916e-07
2.303839732888146916e-07
2.303839732888146916e-07
2.303839732888146916e-07
2.343906510851419011e-07
2.343906510851419011e-07
2.343906510851419011e-07
2.343906510851419011e-07
2.343906510851419011e-07
2.343906510851419011e-07
2.343906510851419011e-07
2.343906510851419011e-07
2.343906510851419011e-07
2.343906510851419011e-07
2.343906510851419011e-07
2.343906510851419011e-07
1.422370617696160298e-07
4.327212020033388903e-07
4.327212020033388903e-07
4.327212020033388903e-07
4.327212020033388903e-07
4.327212020033388903e-07
4.327212020033388903e-07
4.327212020033388903e-07
4.327212020033388903e-07
4.327212020033388903e-07
4.327212020033388903e-07
4.247078464106844713e-07
4.247078464106844713e-07
4.247078464106844713e-07
4.247078464106844713e-07
4.247078464106844713e-07
4.247078464106844713e-07
4.247078464106844713e-07
4.247078464106844713e-07
1.202003338898163643e-07
1.202003338898163643e-07
1.202003338898163643e-07
1.202003338898163643e-07
1.202003338898163643e-07
1.202003338898163643e-07
1.202003338898163643e-07
1.202003338898163643e-07
4.287145242070117073e-07
4.287145242070117073e-07
4.287145242070117073e-07
4.287145242070117073e-07
4.287145242070117073e-07
4.287145242070117073e-07
4.287145242070117073e-07
4.287145242070117073e-07
2.303839732888146916e-07
2.303839732888146916e-07
2.303839732888146916e-07
2.303839732888146916e-07
2.303839732888146916e-07
2.303839732888146916e-07
2.303839732888146916e-07
2.303839732888146916e-07
2.303839732888146916e-07
2.303839732888146916e-07
2.303839732888146916e-07
2.303839732888146916e-07
2.303839732888146916e-07
2.303839732888146916e-07
2.303839732888146916e-07
2.303839732888146916e-07
2.283806343906510737e-07
2.283806343906510737e-07
2.283806343906510737e-07
2.283806343906510737e-07
2.283806343906510737e-07
2.283806343906510737e-07
2.283806343906510737e-07
2.283806343906510737e-07
2.283806343906510737e-07
4.808013355592654572e-07
4.808013355592654572e-07
4.808013355592654572e-07
4.808013355592654572e-07
4.808013355592654572e-07
4.808013355592654572e-07
4.808013355592654572e-07
4.808013355592654572e-07
4.307178631051752988e-07
4.307178631051752988e-07
2.343906510851419011e-07
2.343906510851419011e-07
2.343906510851419011e-07
2.343906510851419011e-07
2.343906510851419011e-07
2.343906510851419011e-07
2.343906510851419011e-07
2.343906510851419011e-07
9.015025041736226661e-08
9.015025041736226661e-08
9.015025041736226661e-08
9.015025041736226661e-08
9.015025041736226661e-08
9.015025041736226661e-08
9.015025041736226661e-08
9.015025041736226661e-08
9.015025041736226661e-08
9.015025041736226661e-08
4.307178631051752988e-07
4.307178631051752988e-07
4.307178631051752988e-07
4.307178631051752988e-07
4.307178631051752988e-07
4.307178631051752988e-07
4.307178631051752988e-07
4.307178631051752988e-07
4.307178631051752988e-07
4.307178631051752988e-07
4.307178631051752988e-07
2.363939899833055191e-07
2.363939899833055191e-07
2.363939899833055191e-07
2.363939899833055191e-07
2.363939899833055191e-07
2.363939899833055191e-07
2.363939899833055191e-07
2.363939899833055191e-07
2.363939899833055191e-07
2.343906510851419011e-07
2.343906510851419011e-07
2.343906510851419011e-07
2.343906510851419011e-07
2.343906510851419011e-07
2.343906510851419011e-07
2.343906510851419011e-07
2.343906510851419011e-07
2.343906510851419011e-07
2.343906510851419011e-07
2.343906510851419011e-07
2.303839732888146916e-07
2.303839732888146916e-07
2.303839732888146916e-07
2.303839732888146916e-07
2.303839732888146916e-07
2.303839732888146916e-07
2.303839732888146916e-07
2.303839732888146916e-07
2.303839732888146916e-07
2.303839732888146916e-07
2.223706176961602726e-07
2.223706176961602726e-07
2.223706176961602726e-07
2.223706176961602726e-07
2.223706176961602726e-07
2.223706176961602726e-07
2.223706176961602726e-07
2.223706176961602726e-07
2.223706176961602726e-07
2.223706176961602726e-07
2.203672787979966547e-07
2.203672787979966547e-07
2.203672787979966547e-07
2.203672787979966547e-07
2.203672787979966547e-07
2.203672787979966547e-07
2.203672787979966547e-07
2.263772954924874821e-07
2.263772954924874821e-07
2.263772954924874821e-07
2.263772954924874821e-07
2.263772954924874821e-07
2.263772954924874821e-07
2.263772954924874821e-07
2.263772954924874821e-07
2.263772954924874821e-07
2.303839732888146916e-07
2.303839732888146916e-07
2.303839732888146916e-07
2.303839732888146916e-07
2.303839732888146916e-07
2.303839732888146916e-07
2.303839732888146916e-07
2.303839732888146916e-07
2.303839732888146916e-07
2.303839732888146916e-07
2.303839732888146916e-07
2.303839732888146916e-07
2.283806343906510737e-07
2.283806343906510737e-07
2.283806343906510737e-07
2.283806343906510737e-07
2.283806343906510737e-07
2.283806343906510737e-07
2.283806343906510737e-07
2.283806343906510737e-07
2.283806343906510737e-07
2.303839732888146916e-07
2.303839732888146916e-07
2.303839732888146916e-07
2.303839732888146916e-07
2.303839732888146916e-07
2.303839732888146916e-07
2.303839732888146916e-07
2.303839732888146916e-07
2.303839732888146916e-07
2.303839732888146916e-07
2.303839732888146916e-07
2.303839732888146916e-07
2.323873121869782832e-07
2.323873121869782832e-07
2.323873121869782832e-07
2.323873121869782832e-07
2.323873121869782832e-07
2.323873121869782832e-07
2.323873121869782832e-07
2.323873121869782832e-07
2.323873121869782832e-07
2.323873121869782832e-07
2.283806343906510737e-07
2.283806343906510737e-07
2.283806343906510737e-07
2.283806343906510737e-07
2.283806343906510737e-07
2.283806343906510737e-07
2.283806343906510737e-07
2.283806343906510737e-07
2.283806343906510737e-07
2.283806343906510737e-07
2.303839732888146916e-07
2.303839732888146916e-07
2.303839732888146916e-07
2.303839732888146916e-07
2.303839732888146916e-07
2.303839732888146916e-07
2.303839732888146916e-07
2.303839732888146916e-07
2.303839732888146916e-07
2.303839732888146916e-07
2.303839732888146916e-07
2.343906510851419011e-07
2.343906510851419011e-07
2.343906510851419011e-07
2.343906510851419011e-07
2.343906510851419011e-07
2.343906510851419011e-07
2.343906510851419011e-07
2.343906510851419011e-07
2.343906510851419011e-07
2.343906510851419011e-07
2.343906510851419011e-07
4.307178631051752988e-07
4.307178631051752988e-07
4.307178631051752988e-07
4.307178631051752988e-07
4.307178631051752988e-07
4.307178631051752988e-07
4.307178631051752988e-07
4.307178631051752988e-07
4.307178631051752988e-07
4.307178631051752988e-07
2.303839732888146916e-07
2.303839732888146916e-07
2.303839732888146916e-07
2.303839732888146916e-07
2.303839732888146916e-07
2.303839732888146916e-07
2.303839732888146916e-07
2.303839732888146916e-07
2.323873121869782832e-07
2.323873121869782832e-07
2.323873121869782832e-07
2.323873121869782832e-07
2.323873121869782832e-07
2.323873121869782832e-07
2.323873121869782832e-07
2.323873121869782832e-07
2.323873121869782832e-07
2.323873121869782832e-07
2.323873121869782832e-07
1.141903171953255368e-07
1.141903171953255368e-07
1.141903171953255368e-07
1.141903171953255368e-07
1.141903171953255368e-07
1.141903171953255368e-07
1.141903171953255368e-07
1.141903171953255368e-07
1.001669449081803036e-07
1.001669449081803036e-07
1.001669449081803036e-07
1.001669449081803036e-07
1.001669449081803036e-07
1.001669449081803036e-07
1.001669449081803036e-07
1.001669449081803036e-07
1.001669449081803036e-07
2.263772954924874821e-07
2.263772954924874821e-07
2.263772954924874821e-07
2.263772954924874821e-07
2.263772954924874821e-07
2.263772954924874821e-07
2.263772954924874821e-07
2.263772954924874821e-07
2.343906510851419011e-07
2.343906510851419011e-07
2.343906510851419011e-07
2.343906510851419011e-07
2.343906510851419011e-07
2.343906510851419011e-07
2.343906510851419011e-07
2.343906510851419011e-07
2.343906510851419011e-07
2.343906510851419011e-07
2.343906510851419011e-07
2.283806343906510737e-07
2.283806343906510737e-07
2.283806343906510737e-07
2.283806343906510737e-07
2.283806343906510737e-07
2.283806343906510737e-07
2.283806343906510737e-07
2.283806343906510737e-07
6.010016694490818215e-08
6.010016694490818215e-08
6.010016694490818215e-08
6.010016694490818215e-08
6.010016694490818215e-08
6.010016694490818215e-08
6.010016694490818215e-08
6.010016694490818215e-08
6.010016694490818215e-08
6.010016694490818215e-08
6.010016694490818215e-08
6.010016694490818215e-08
6.010016694490818215e-08
2.243739565943238642e-07
2.243739565943238642e-07
2.243739565943238642e-07
2.243739565943238642e-07
2.243739565943238642e-07
2.343906510851419011e-07
2.343906510851419011e-07
2.343906510851419011e-07
2.343906510851419011e-07
2.343906510851419011e-07
2.343906510851419011e-07
2.343906510851419011e-07
2.343906510851419011e-07
2.343906510851419011e-07
2.343906510851419011e-07
2.283806343906510737e-07
2.283806343906510737e-07
2.283806343906510737e-07
2.283806343906510737e-07
2.283806343906510737e-07
2.283806343906510737e-07
2.283806343906510737e-07
2.283806343906510737e-07
2.283806343906510737e-07
2.343906510851419011e-07
2.343906510851419011e-07
2.343906510851419011e-07
2.343906510851419011e-07
2.343906510851419011e-07
2.243739565943238642e-07
2.243739565943238642e-07
2.243739565943238642e-07
2.243739565943238642e-07
2.243739565943238642e-07
2.243739565943238642e-07
2.243739565943238642e-07
2.243739565943238642e-07
2.243739565943238642e-07
2.243739565943238642e-07
2.343906510851419011e-07
2.343906510851419011e-07
2.343906510851419011e-07
2.343906510851419011e-07
2.343906510851419011e-07
2.343906510851419011e-07
2.343906510851419011e-07
2.343906510851419011e-07
2.343906510851419011e-07
2.343906510851419011e-07
2.343906510851419011e-07
2.323873121869782832e-07
2.323873121869782832e-07
2.323873121869782832e-07
2.323873121869782832e-07
2.323873121869782832e-07
2.323873121869782832e-07
2.323873121869782832e-07
2.323873121869782832e-07
2.343906510851419011e-07
2.343906510851419011e-07
2.343906510851419011e-07
2.343906510851419011e-07
2.343906510851419011e-07
2.343906510851419011e-07
2.343906510851419011e-07
2.343906510851419011e-07
2.343906510851419011e-07
2.343906510851419011e-07
2.343906510851419011e-07
4.347245409015024819e-07
4.347245409015024819e-07
4.347245409015024819e-07
4.347245409015024819e-07
4.347245409015024819e-07
4.347245409015024819e-07
4.347245409015024819e-07
4.347245409015024819e-07
4.347245409015024819e-07
2.323873121869782832e-07
2.323873121869782832e-07
2.323873121869782832e-07
2.323873121869782832e-07
2.323873121869782832e-07
2.323873121869782832e-07
2.323873121869782832e-07
2.323873121869782832e-07
2.323873121869782832e-07
2.323873121869782832e-07
2.323873121869782832e-07
2.323873121869782832e-07
2.323873121869782832e-07
2.323873121869782832e-07
2.303839732888146916e-07
2.303839732888146916e-07
2.303839732888146916e-07
2.303839732888146916e-07
2.303839732888146916e-07
2.303839732888146916e-07
2.303839732888146916e-07
2.303839732888146916e-07
2.303839732888146916e-07
2.303839732888146916e-07
2.303839732888146916e-07
4.367278797996661263e-07
4.367278797996661263e-07
4.367278797996661263e-07
4.367278797996661263e-07
4.367278797996661263e-07
4.367278797996661263e-07
4.367278797996661263e-07
4.367278797996661263e-07
4.367278797996661263e-07
4.367278797996661263e-07
4.367278797996661263e-07
5.008347245409015180e-08
5.008347245409015180e-08
5.008347245409015180e-08
5.008347245409015180e-08
5.008347245409015180e-08
5.008347245409015180e-08
5.008347245409015180e-08
5.008347245409015180e-08
5.008347245409015180e-08
5.008347245409015180e-08
5.008347245409015180e-08
5.008347245409015180e-08
2.243739565943238642e-07
2.243739565943238642e-07
2.243739565943238642e-07
2.243739565943238642e-07
2.243739565943238642e-07
2.243739565943238642e-07
2.243739565943238642e-07
2.243739565943238642e-07
2.243739565943238642e-07
2.243739565943238642e-07
2.343906510851419011e-07
2.343906510851419011e-07
2.343906510851419011e-07
2.343906510851419011e-07
2.343906510851419011e-07
2.343906510851419011e-07
2.343906510851419011e-07
2.343906510851419011e-07
2.343906510851419011e-07
2.343906510851419011e-07
2.343906510851419011e-07
2.323873121869782832e-07
2.323873121869782832e-07
2.323873121869782832e-07
2.323873121869782832e-07
2.323873121869782832e-07
2.323873121869782832e-07
2.323873121869782832e-07
2.323873121869782832e-07
2.323873121869782832e-07
2.323873121869782832e-07
3.005008347245409108e-08
3.005008347245409108e-08
3.005008347245409108e-08
3.005008347245409108e-08
3.005008347245409108e-08
3.005008347245409108e-08
2.303839732888146916e-07
2.303839732888146916e-07
2.303839732888146916e-07
2.303839732888146916e-07
2.303839732888146916e-07
2.303839732888146916e-07
2.303839732888146916e-07
2.303839732888146916e-07
2.303839732888146916e-07
2.303839732888146916e-07
1.061769616026711178e-07
1.061769616026711178e-07
1.061769616026711178e-07
1.061769616026711178e-07
1.061769616026711178e-07
1.061769616026711178e-07
1.061769616026711178e-07
1.061769616026711178e-07
4.307178631051752988e-07
4.307178631051752988e-07
4.307178631051752988e-07
4.307178631051752988e-07
4.307178631051752988e-07
4.307178631051752988e-07
4.307178631051752988e-07
4.307178631051752988e-07
4.307178631051752988e-07
4.307178631051752988e-07
4.307178631051752988e-07
2.343906510851419011e-07
2.343906510851419011e-07
2.343906510851419011e-07
2.343906510851419011e-07
2.343906510851419011e-07
2.343906510851419011e-07
2.343906510851419011e-07
2.343906510851419011e-07
2.343906510851419011e-07
2.343906510851419011e-07
2.343906510851419011e-07
2.343906510851419011e-07
2.343906510851419011e-07
2.343906510851419011e-07
2.343906510851419011e-07
2.343906510851419011e-07
2.343906510851419011e-07
2.283806343906510737e-07
2.283806343906510737e-07
2.283806343906510737e-07
2.283806343906510737e-07
2.283806343906510737e-07
2.283806343906510737e-07
2.283806343906510737e-07
2.283806343906510737e-07
4.307178631051752988e-07
4.307178631051752988e-07
4.307178631051752988e-07
4.307178631051752988e-07
4.307178631051752988e-07
4.307178631051752988e-07
2.323873121869782832e-07
2.323873121869782832e-07
2.323873121869782832e-07
2.323873121869782832e-07
2.323873121869782832e-07
2.323873121869782832e-07
2.323873121869782832e-07
2.323873121869782832e-07
2.323873121869782832e-07
2.323873121869782832e-07
2.323873121869782832e-07
2.323873121869782832e-07
4.347245409015024819e-07
4.347245409015024819e-07
4.347245409015024819e-07
4.347245409015024819e-07
4.347245409015024819e-07
4.347245409015024819e-07
4.347245409015024819e-07
4.347245409015024819e-07
4.347245409015024819e-07
4.347245409015024819e-07
2.343906510851419011e-07
2.343906510851419011e-07
2.343906510851419011e-07
2.343906510851419011e-07
2.343906510851419011e-07
2.343906510851419011e-07
2.343906510851419011e-07
2.343906510851419011e-07
2.343906510851419011e-07
6.010016694490817554e-09
6.010016694490817554e-09
6.010016694490817554e-09
6.010016694490817554e-09
4.207011686143572354e-07
4.207011686143572354e-07
4.207011686143572354e-07
4.207011686143572354e-07
4.207011686143572354e-07
4.207011686143572354e-07
4.207011686143572354e-07
4.207011686143572354e-07
4.207011686143572354e-07
4.207011686143572354e-07
4.347245409015024819e-07
4.347245409015024819e-07
4.347245409015024819e-07
4.347245409015024819e-07
4.347245409015024819e-07
4.347245409015024819e-07
4.347245409015024819e-07
4.347245409015024819e-07
4.347245409015024819e-07
2.363939899833055191e-07
2.363939899833055191e-07
2.363939899833055191e-07
2.363939899833055191e-07
2.363939899833055191e-07
6.811352253756260115e-08
6.811352253756260115e-08
6.811352253756260115e-08
6.811352253756260115e-08
6.811352253756260115e-08
6.811352253756260115e-08
6.811352253756260115e-08
6.811352253756260115e-08
6.811352253756260115e-08
6.811352253756260115e-08
6.811352253756260115e-08
6.811352253756260115e-08
6.811352253756260115e-08
6.811352253756260115e-08
6.811352253756260115e-08
6.811352253756260115e-08
6.811352253756260115e-08
6.811352253756260115e-08
6.811352253756260115e-08
6.811352253756260115e-08
6.811352253756260115e-08
6.811352253756260115e-08
6.811352253756260115e-08
6.811352253756260115e-08
6.811352253756260115e-08
6.811352253756260115e-08
6.811352253756260115e-08
6.811352253756260115e-08
6.811352253756260115e-08
6.811352253756260115e-08
6.811352253756260115e-08
6.811352253756260115e-08
6.811352253756260115e-08
6.811352253756260115e-08
6.811352253756260115e-08
6.811352253756260115e-08
6.811352253756260115e-08
6.811352253756260115e-08
6.811352253756260115e-08
6.811352253756260115e-08
6.811352253756260115e-08
6.811352253756260115e-08
6.811352253756260115e-08
6.811352253756260115e-08
6.811352253756260115e-08
6.811352253756260115e-08
6.811352253756260115e-08
6.811352253756260115e-08
6.811352253756260115e-08
6.811352253756260115e-08
6.811352253756260115e-08
6.811352253756260115e-08
6.811352253756260115e-08
6.811352253756260115e-08
6.811352253756260115e-08
6.811352253756260115e-08
6.811352253756260115e-08
6.811352253756260115e-08
6.811352253756260115e-08
6.811352253756260115e-08
6.811352253756260115e-08
6.811352253756260115e-08
6.811352253756260115e-08
6.811352253756260115e-08
6.811352253756260115e-08
6.811352253756260115e-08
6.811352253756260115e-08
6.811352253756260115e-08
6.811352253756260115e-08
6.811352253756260115e-08
6.811352253756260115e-08
6.811352253756260115e-08
6.811352253756260115e-08
6.811352253756260115e-08
6.811352253756260115e-08
6.811352253756260115e-08
6.811352253756260115e-08
6.811352253756260115e-08
6.811352253756260115e-08
6.811352253756260115e-08
6.811352253756260115e-08
6.811352253756260115e-08
6.811352253756260115e-08
6.811352253756260115e-08
6.811352253756260115e-08
6.811352253756260115e-08
6.811352253756260115e-08
6.811352253756260115e-08
6.811352253756260115e-08
6.811352253756260115e-08
6.811352253756260115e-08
6.811352253756260115e-08
6.811352253756260115e-08
6.811352253756260115e-08
6.811352253756260115e-08
6.811352253756260115e-08
6.811352253756260115e-08
6.811352253756260115e-08
6.811352253756260115e-08
6.811352253756260115e-08
6.811352253756260115e-08
6.811352253756260115e-08
6.811352253756260115e-08
6.811352253756260115e-08
6.811352253756260115e-08
6.811352253756260115e-08
6.811352253756260115e-08
6.811352253756260115e-08
6.811352253756260115e-08
6.811352253756260115e-08
6.811352253756260115e-08
6.811352253756260115e-08
6.811352253756260115e-08
6.811352253756260115e-08
6.811352253756260115e-08
6.811352253756260115e-08
6.811352253756260115e-08
6.811352253756260115e-08
6.811352253756260115e-08
6.811352253756260115e-08
6.811352253756260115e-08
6.811352253756260115e-08
6.811352253756260115e-08
6.811352253756260115e-08
6.811352253756260115e-08
6.811352253756260115e-08
6.811352253756260115e-08
6.811352253756260115e-08
6.811352253756260115e-08
6.811352253756260115e-08
6.811352253756260115e-08
6.811352253756260115e-08
6.811352253756260115e-08
6.811352253756260115e-08
6.811352253756260115e-08
6.811352253756260115e-08
6.811352253756260115e-08
6.811352253756260115e-08
6.811352253756260115e-08
6.811352253756260115e-08
6.811352253756260115e-08
6.811352253756260115e-08
6.811352253756260115e-08
6.811352253756260115e-08
6.811352253756260115e-08
6.811352253756260115e-08
6.811352253756260115e-08
6.811352253756260115e-08
6.811352253756260115e-08
6.811352253756260115e-08
6.811352253756260115e-08
6.811352253756260115e-08
6.811352253756260115e-08
6.811352253756260115e-08
6.811352253756260115e-08
6.811352253756260115e-08
6.811352253756260115e-08
6.811352253756260115e-08
6.811352253756260115e-08
6.811352253756260115e-08
6.811352253756260115e-08
6.811352253756260115e-08
6.811352253756260115e-08
6.811352253756260115e-08
6.811352253756260115e-08
6.811352253756260115e-08
6.811352253756260115e-08
6.811352253756260115e-08
6.811352253756260115e-08
6.811352253756260115e-08
6.811352253756260115e-08
6.811352253756260115e-08
6.811352253756260115e-08
6.811352253756260115e-08
6.811352253756260115e-08
6.811352253756260115e-08
6.811352253756260115e-08
6.811352253756260115e-08
6.811352253756260115e-08
6.811352253756260115e-08
6.811352253756260115e-08
6.811352253756260115e-08
6.811352253756260115e-08
6.811352253756260115e-08
6.811352253756260115e-08
6.811352253756260115e-08
6.811352253756260115e-08
6.811352253756260115e-08
6.811352253756260115e-08
6.811352253756260115e-08
6.811352253756260115e-08
6.811352253756260115e-08
6.811352253756260115e-08
6.811352253756260115e-08
6.811352253756260115e-08
6.811352253756260115e-08
6.811352253756260115e-08
6.811352253756260115e-08
6.811352253756260115e-08
6.811352253756260115e-08
6.811352253756260115e-08
6.811352253756260115e-08
6.811352253756260115e-08
6.811352253756260115e-08
6.811352253756260115e-08
6.811352253756260115e-08
6.811352253756260115e-08
6.811352253756260115e-08
6.811352253756260115e-08
6.811352253756260115e-08
6.811352253756260115e-08
6.811352253756260115e-08
6.811352253756260115e-08
6.811352253756260115e-08
6.811352253756260115e-08
6.811352253756260115e-08
6.811352253756260115e-08
6.811352253756260115e-08
6.811352253756260115e-08
6.811352253756260115e-08
6.811352253756260115e-08
6.811352253756260115e-08
6.811352253756260115e-08
6.811352253756260115e-08
6.811352253756260115e-08
6.811352253756260115e-08
6.811352253756260115e-08
6.811352253756260115e-08
6.811352253756260115e-08
6.811352253756260115e-08
6.811352253756260115e-08
6.811352253756260115e-08
6.811352253756260115e-08
6.811352253756260115e-08
6.811352253756260115e-08
6.811352253756260115e-08
6.811352253756260115e-08
6.811352253756260115e-08
6.811352253756260115e-08
6.811352253756260115e-08
6.811352253756260115e-08
6.811352253756260115e-08
6.811352253756260115e-08
6.811352253756260115e-08
6.811352253756260115e-08
6.811352253756260115e-08
6.811352253756260115e-08
6.811352253756260115e-08
6.811352253756260115e-08
6.811352253756260115e-08
6.811352253756260115e-08
6.811352253756260115e-08
6.811352253756260115e-08
6.811352253756260115e-08
6.811352253756260115e-08
6.811352253756260115e-08
6.811352253756260115e-08
6.811352253756260115e-08
6.811352253756260115e-08
6.811352253756260115e-08
6.811352253756260115e-08
6.811352253756260115e-08
6.811352253756260115e-08
6.811352253756260115e-08
6.811352253756260115e-08
6.811352253756260115e-08
6.811352253756260115e-08
6.811352253756260115e-08
6.811352253756260115e-08
6.811352253756260115e-08
6.811352253756260115e-08
6.811352253756260115e-08
6.811352253756260115e-08
6.811352253756260115e-08
6.811352253756260115e-08
6.811352253756260115e-08
6.811352253756260115e-08
6.811352253756260115e-08
6.811352253756260115e-08
6.811352253756260115e-08
6.811352253756260115e-08
6.811352253756260115e-08
6.811352253756260115e-08
6.811352253756260115e-08
6.811352253756260115e-08
6.811352253756260115e-08
6.811352253756260115e-08
6.811352253756260115e-08
6.811352253756260115e-08
6.811352253756260115e-08
6.811352253756260115e-08
6.811352253756260115e-08
6.811352253756260115e-08
6.811352253756260115e-08
6.811352253756260115e-08
6.811352253756260115e-08
6.811352253756260115e-08
6.811352253756260115e-08
6.811352253756260115e-08
6.811352253756260115e-08
6.811352253756260115e-08
6.811352253756260115e-08
6.811352253756260115e-08
6.811352253756260115e-08
6.811352253756260115e-08
6.811352253756260115e-08
6.811352253756260115e-08
6.811352253756260115e-08
6.811352253756260115e-08
6.811352253756260115e-08
6.811352253756260115e-08
6.811352253756260115e-08
6.811352253756260115e-08
6.811352253756260115e-08
6.811352253756260115e-08
6.811352253756260115e-08
6.811352253756260115e-08
6.811352253756260115e-08
6.811352253756260115e-08
6.811352253756260115e-08
6.811352253756260115e-08
6.811352253756260115e-08
6.811352253756260115e-08
2.323873121869782832e-07
2.323873121869782832e-07
2.323873121869782832e-07
2.323873121869782832e-07
2.323873121869782832e-07
2.323873121869782832e-07
2.323873121869782832e-07
2.303839732888146916e-07
2.303839732888146916e-07
2.303839732888146916e-07
2.303839732888146916e-07
2.303839732888146916e-07
2.303839732888146916e-07
2.303839732888146916e-07
2.303839732888146916e-07
2.303839732888146916e-07
2.303839732888146916e-07
2.303839732888146916e-07
2.303839732888146916e-07
2.303839732888146916e-07
2.323873121869782832e-07
2.323873121869782832e-07
2.323873121869782832e-07
2.323873121869782832e-07
2.323873121869782832e-07
2.323873121869782832e-07
2.323873121869782832e-07
2.323873121869782832e-07
2.323873121869782832e-07
2.323873121869782832e-07
2.323873121869782832e-07
2.323873121869782832e-07
2.283806343906510737e-07
2.283806343906510737e-07
2.283806343906510737e-07
2.283806343906510737e-07
2.283806343906510737e-07
2.283806343906510737e-07
2.283806343906510737e-07
2.283806343906510737e-07
2.283806343906510737e-07
2.283806343906510737e-07
2.363939899833055191e-07
2.363939899833055191e-07
2.363939899833055191e-07
2.363939899833055191e-07
2.363939899833055191e-07
2.363939899833055191e-07
2.363939899833055191e-07
2.363939899833055191e-07
2.363939899833055191e-07
2.363939899833055191e-07
2.363939899833055191e-07
2.363939899833055191e-07
2.363939899833055191e-07
2.363939899833055191e-07
2.363939899833055191e-07
2.363939899833055191e-07
2.363939899833055191e-07
4.207011686143572354e-07
4.207011686143572354e-07
4.207011686143572354e-07
4.207011686143572354e-07
4.207011686143572354e-07
4.207011686143572354e-07
2.303839732888146916e-07
2.303839732888146916e-07
2.303839732888146916e-07
2.303839732888146916e-07
2.303839732888146916e-07
2.303839732888146916e-07
2.303839732888146916e-07
2.303839732888146916e-07
2.303839732888146916e-07
2.223706176961602726e-07
2.223706176961602726e-07
2.223706176961602726e-07
2.223706176961602726e-07
2.223706176961602726e-07
2.223706176961602726e-07
2.223706176961602726e-07
2.404006677796327021e-08
2.404006677796327021e-08
2.404006677796327021e-08
2.404006677796327021e-08
2.404006677796327021e-08
2.404006677796327021e-08
2.404006677796327021e-08
2.323873121869782832e-07
2.323873121869782832e-07
2.323873121869782832e-07
2.323873121869782832e-07
2.323873121869782832e-07
2.323873121869782832e-07
2.323873121869782832e-07
4.327212020033388903e-07
4.327212020033388903e-07
4.327212020033388903e-07
4.327212020033388903e-07
4.327212020033388903e-07
4.327212020033388903e-07
4.327212020033388903e-07
4.327212020033388903e-07
4.327212020033388903e-07
2.223706176961602726e-07
2.223706176961602726e-07
2.223706176961602726e-07
2.223706176961602726e-07
2.223706176961602726e-07
2.223706176961602726e-07
2.283806343906510737e-07
2.283806343906510737e-07
2.283806343906510737e-07
2.283806343906510737e-07
2.283806343906510737e-07
2.283806343906510737e-07
2.283806343906510737e-07
2.283806343906510737e-07
2.283806343906510737e-07
2.363939899833055191e-07
2.363939899833055191e-07
2.363939899833055191e-07
2.363939899833055191e-07
2.363939899833055191e-07
2.363939899833055191e-07
2.363939899833055191e-07
2.323873121869782832e-07
2.323873121869782832e-07
2.323873121869782832e-07
2.323873121869782832e-07
2.323873121869782832e-07
2.323873121869782832e-07
2.323873121869782832e-07
2.323873121869782832e-07
7.813021702838063812e-08
7.813021702838063812e-08
7.813021702838063812e-08
7.813021702838063812e-08
7.813021702838063812e-08
7.813021702838063812e-08
7.813021702838063812e-08
7.813021702838063812e-08
7.813021702838063812e-08
7.813021702838063812e-08
4.307178631051752988e-07
4.307178631051752988e-07
4.307178631051752988e-07
4.307178631051752988e-07
4.307178631051752988e-07
4.307178631051752988e-07
4.307178631051752988e-07
2.323873121869782832e-07
2.323873121869782832e-07
2.323873121869782832e-07
2.323873121869782832e-07
2.323873121869782832e-07
4.126878130217028164e-07
4.126878130217028164e-07
4.126878130217028164e-07
4.126878130217028164e-07
4.126878130217028164e-07
4.126878130217028164e-07
4.126878130217028164e-07
2.343906510851419011e-07
2.343906510851419011e-07
2.343906510851419011e-07
2.343906510851419011e-07
2.343906510851419011e-07
2.343906510851419011e-07
2.343906510851419011e-07
2.343906510851419011e-07
2.343906510851419011e-07
2.303839732888146916e-07
2.303839732888146916e-07
2.303839732888146916e-07
2.303839732888146916e-07
2.303839732888146916e-07
