4.307178631051752988e-07
4.307178631051752988e-07
4.307178631051752988e-07
4.307178631051752988e-07
4.307178631051752988e-07
4.307178631051752988e-07
4.327212020033388903e-07
4.327212020033388903e-07
4.327212020033388903e-07
4.327212020033388903e-07
4.327212020033388903e-07
4.327212020033388903e-07
4.327212020033388903e-07
4.327212020033388903e-07
4.327212020033388903e-07
3.606010016694490532e-08
3.606010016694490532e-08
3.606010016694490532e-08
3.606010016694490532e-08
3.606010016694490532e-08
3.606010016694490532e-08
3.606010016694490532e-08
2.323873121869782832e-07
2.323873121869782832e-07
2.323873121869782832e-07
2.323873121869782832e-07
2.323873121869782832e-07
2.323873121869782832e-07
2.323873121869782832e-07
2.323873121869782832e-07
2.323873121869782832e-07
2.323873121869782832e-07
2.263772954924874821e-07
2.263772954924874821e-07
2.263772954924874821e-07
2.263772954924874821e-07
2.263772954924874821e-07
2.263772954924874821e-07
2.263772954924874821e-07
2.263772954924874821e-07
2.263772954924874821e-07
2.343906510851419011e-07
2.343906510851419011e-07
2.343906510851419011e-07
2.343906510851419011e-07
2.343906510851419011e-07
2.343906510851419011e-07
2.343906510851419011e-07
2.343906510851419011e-07
2.343906510851419011e-07
2.343906510851419011e-07
2.343906510851419011e-07
4.307178631051752988e-07
4.307178631051752988e-07
4.307178631051752988e-07
4.307178631051752988e-07
4.307178631051752988e-07
4.307178631051752988e-07
2.323873121869782832e-07
2.323873121869782832e-07
2.323873121869782832e-07
2.323873121869782832e-07
2.323873121869782832e-07
2.323873121869782832e-07
2.323873121869782832e-07
2.323873121869782832e-07
2.323873121869782832e-07
2.323873121869782832e-07
2.323873121869782832e-07
2.363939899833055191e-07
2.363939899833055191e-07
2.363939899833055191e-07
2.363939899833055191e-07
2.363939899833055191e-07
2.363939899833055191e-07
2.363939899833055191e-07
2.363939899833055191e-07
2.363939899833055191e-07
2.363939899833055191e-07
2.363939899833055191e-07
2.363939899833055191e-07
2.363939899833055191e-07
2.363939899833055191e-07
2.363939899833055191e-07
2.363939899833055191e-07
2.363939899833055191e-07
2.363939899833055191e-07
2.363939899833055191e-07
2.363939899833055191e-07
2.283806343906510737e-07
2.283806343906510737e-07
2.283806343906510737e-07
2.283806343906510737e-07
2.283806343906510737e-07
2.283806343906510737e-07
2.283806343906510737e-07
2.283806343906510737e-07
2.283806343906510737e-07
2.283806343906510737e-07
2.283806343906510737e-07
2.283806343906510737e-07
2.283806343906510737e-07
2.223706176961602726e-07
2.223706176961602726e-07
2.223706176961602726e-07
2.223706176961602726e-07
2.223706176961602726e-07
2.223706176961602726e-07
2.223706176961602726e-07
2.223706176961602726e-07
2.223706176961602726e-07
2.223706176961602726e-07
2.223706176961602726e-07
4.607679465776293568e-08
4.607679465776293568e-08
4.607679465776293568e-08
4.607679465776293568e-08
4.607679465776293568e-08
4.607679465776293568e-08
4.347245409015024819e-07
4.347245409015024819e-07
4.347245409015024819e-07
4.347245409015024819e-07
4.347245409015024819e-07
4.347245409015024819e-07
4.347245409015024819e-07
4.347245409015024819e-07
4.347245409015024819e-07
4.347245409015024819e-07
4.347245409015024819e-07
4.347245409015024819e-07
4.307178631051752988e-07
4.307178631051752988e-07
4.307178631051752988e-07
4.307178631051752988e-07
4.307178631051752988e-07
4.307178631051752988e-07
4.307178631051752988e-07
4.307178631051752988e-07
4.307178631051752988e-07
4.307178631051752988e-07
4.307178631051752988e-07
4.307178631051752988e-07
4.307178631051752988e-07
4.307178631051752988e-07
4.307178631051752988e-07
8.814691151919866187e-08
8.814691151919866187e-08
8.814691151919866187e-08
8.814691151919866187e-08
8.814691151919866187e-08
8.814691151919866187e-08
2.243739565943238642e-07
2.243739565943238642e-07
2.243739565943238642e-07
2.243739565943238642e-07
2.243739565943238642e-07
2.243739565943238642e-07
4.647746243739565663e-07
4.868113522537562847e-07
4.647746243739565663e-07
4.868113522537562847e-07
4.647746243739565663e-07
4.868113522537562847e-07
4.647746243739565663e-07
4.868113522537562847e-07
4.647746243739565663e-07
4.868113522537562847e-07
4.647746243739565663e-07
4.868113522537562847e-07
4.647746243739565663e-07
4.868113522537562847e-07
4.647746243739565663e-07
4.868113522537562847e-07
4.647746243739565663e-07
4.868113522537562847e-07
4.647746243739565663e-07
4.868113522537562847e-07
4.647746243739565663e-07
4.868113522537562847e-07
2.303839732888146916e-07
2.303839732888146916e-07
2.303839732888146916e-07
2.303839732888146916e-07
2.303839732888146916e-07
2.303839732888146916e-07
2.303839732888146916e-07
2.303839732888146916e-07
4.207011686143572354e-07
4.207011686143572354e-07
4.207011686143572354e-07
4.207011686143572354e-07
4.207011686143572354e-07
2.323873121869782832e-07
2.323873121869782832e-07
2.323873121869782832e-07
2.323873121869782832e-07
2.323873121869782832e-07
2.323873121869782832e-07
2.323873121869782832e-07
2.323873121869782832e-07
2.323873121869782832e-07
2.323873121869782832e-07
2.323873121869782832e-07
2.323873121869782832e-07
2.323873121869782832e-07
2.323873121869782832e-07
2.323873121869782832e-07
2.323873121869782832e-07
2.323873121869782832e-07
2.323873121869782832e-07
2.323873121869782832e-07
2.323873121869782832e-07
9.616026711185308086e-08
9.616026711185308086e-08
9.616026711185308086e-08
9.616026711185308086e-08
9.616026711185308086e-08
9.616026711185308086e-08
9.616026711185308086e-08
9.616026711185308086e-08
2.323873121869782832e-07
2.323873121869782832e-07
2.323873121869782832e-07
2.323873121869782832e-07
2.323873121869782832e-07
2.323873121869782832e-07
2.323873121869782832e-07
2.323873121869782832e-07
2.323873121869782832e-07
2.323873121869782832e-07
4.287145242070117073e-07
4.287145242070117073e-07
4.287145242070117073e-07
4.287145242070117073e-07
4.287145242070117073e-07
4.287145242070117073e-07
4.287145242070117073e-07
8.934891485809682736e-07
8.934891485809682736e-07
8.934891485809682736e-07
8.934891485809682736e-07
8.934891485809682736e-07
8.934891485809682736e-07
8.934891485809682736e-07
8.934891485809682736e-07
8.934891485809682736e-07
8.934891485809682736e-07
2.343906510851419011e-07
2.343906510851419011e-07
2.343906510851419011e-07
2.343906510851419011e-07
2.343906510851419011e-07
2.343906510851419011e-07
2.343906510851419011e-07
2.303839732888146916e-07
2.303839732888146916e-07
2.303839732888146916e-07
2.303839732888146916e-07
2.303839732888146916e-07
2.303839732888146916e-07
2.303839732888146916e-07
2.303839732888146916e-07
2.303839732888146916e-07
2.303839732888146916e-07
2.303839732888146916e-07
2.303839732888146916e-07
2.303839732888146916e-07
2.303839732888146916e-07
2.303839732888146916e-07
2.303839732888146916e-07
2.303839732888146916e-07
2.303839732888146916e-07
2.303839732888146916e-07
2.303839732888146916e-07
2.303839732888146916e-07
2.303839732888146916e-07
2.303839732888146916e-07
2.363939899833055191e-07
2.363939899833055191e-07
2.363939899833055191e-07
2.363939899833055191e-07
2.363939899833055191e-07
2.363939899833055191e-07
2.363939899833055191e-07
2.363939899833055191e-07
2.363939899833055191e-07
2.363939899833055191e-07
