8.414023372287145237e-08
8.414023372287145237e-08
8.414023372287145237e-08
8.414023372287145237e-08
8.414023372287145237e-08
8.414023372287145237e-08
8.414023372287145237e-08
8.414023372287145237e-08
8.414023372287145237e-08
8.414023372287145237e-08
8.414023372287145237e-08
8.414023372287145237e-08
6.410684474123539165e-08
6.410684474123539165e-08
6.410684474123539165e-08
6.410684474123539165e-08
6.410684474123539165e-08
6.410684474123539165e-08
6.410684474123539165e-08
6.410684474123539165e-08
6.410684474123539165e-08
6.410684474123539165e-08
6.410684474123539165e-08
6.410684474123539165e-08
1.001669449081803036e-07
1.001669449081803036e-07
1.001669449081803036e-07
1.001669449081803036e-07
1.001669449081803036e-07
1.001669449081803036e-07
1.001669449081803036e-07
1.001669449081803036e-07
1.001669449081803036e-07
1.001669449081803036e-07
1.001669449081803036e-07
1.001669449081803036e-07
1.001669449081803036e-07
1.001669449081803036e-07
1.001669449081803036e-07
