4.247078464106844713e-07
4.247078464106844713e-07
4.247078464106844713e-07
4.247078464106844713e-07
4.247078464106844713e-07
4.247078464106844713e-07
4.247078464106844713e-07
4.247078464106844713e-07
4.247078464106844713e-07
4.247078464106844713e-07
4.247078464106844713e-07
2.323873121869782832e-07
2.323873121869782832e-07
2.323873121869782832e-07
2.323873121869782832e-07
2.323873121869782832e-07
2.323873121869782832e-07
2.323873121869782832e-07
2.323873121869782832e-07
2.323873121869782832e-07
2.323873121869782832e-07
2.323873121869782832e-07
2.203672787979966547e-07
2.203672787979966547e-07
2.203672787979966547e-07
2.203672787979966547e-07
2.203672787979966547e-07
2.203672787979966547e-07
2.203672787979966547e-07
2.203672787979966547e-07
8.013355592654424287e-08
8.013355592654424287e-08
8.013355592654424287e-08
8.013355592654424287e-08
2.363939899833055191e-07
2.363939899833055191e-07
2.363939899833055191e-07
2.363939899833055191e-07
2.363939899833055191e-07
2.363939899833055191e-07
2.363939899833055191e-07
2.363939899833055191e-07
2.363939899833055191e-07
2.363939899833055191e-07
2.363939899833055191e-07
2.363939899833055191e-07
2.363939899833055191e-07
2.363939899833055191e-07
2.363939899833055191e-07
2.303839732888146916e-07
2.303839732888146916e-07
2.303839732888146916e-07
2.303839732888146916e-07
2.303839732888146916e-07
4.327212020033388903e-07
4.327212020033388903e-07
4.327212020033388903e-07
4.327212020033388903e-07
4.327212020033388903e-07
4.327212020033388903e-07
4.327212020033388903e-07
4.327212020033388903e-07
4.327212020033388903e-07
4.327212020033388903e-07
4.327212020033388903e-07
2.243739565943238642e-07
2.243739565943238642e-07
2.243739565943238642e-07
2.243739565943238642e-07
2.243739565943238642e-07
2.243739565943238642e-07
2.243739565943238642e-07
2.243739565943238642e-07
2.243739565943238642e-07
2.243739565943238642e-07
2.323873121869782832e-07
2.323873121869782832e-07
2.323873121869782832e-07
2.323873121869782832e-07
2.323873121869782832e-07
2.323873121869782832e-07
2.323873121869782832e-07
2.323873121869782832e-07
2.323873121869782832e-07
2.323873121869782832e-07
2.323873121869782832e-07
1.021702838063439083e-07
1.021702838063439083e-07
1.021702838063439083e-07
1.021702838063439083e-07
1.021702838063439083e-07
1.021702838063439083e-07
1.021702838063439083e-07
1.021702838063439083e-07
1.021702838063439083e-07
1.021702838063439083e-07
2.343906510851419011e-07
2.343906510851419011e-07
2.343906510851419011e-07
2.343906510851419011e-07
2.343906510851419011e-07
2.343906510851419011e-07
2.343906510851419011e-07
2.343906510851419011e-07
2.343906510851419011e-07
2.323873121869782832e-07
2.323873121869782832e-07
2.323873121869782832e-07
2.323873121869782832e-07
2.323873121869782832e-07
2.323873121869782832e-07
2.323873121869782832e-07
2.323873121869782832e-07
2.323873121869782832e-07
2.323873121869782832e-07
4.287145242070117073e-07
4.287145242070117073e-07
4.287145242070117073e-07
4.287145242070117073e-07
4.287145242070117073e-07
4.287145242070117073e-07
4.287145242070117073e-07
4.287145242070117073e-07
4.287145242070117073e-07
2.323873121869782832e-07
2.323873121869782832e-07
2.323873121869782832e-07
2.323873121869782832e-07
2.363939899833055191e-07
2.363939899833055191e-07
2.363939899833055191e-07
2.363939899833055191e-07
2.363939899833055191e-07
2.363939899833055191e-07
2.363939899833055191e-07
2.363939899833055191e-07
2.363939899833055191e-07
2.363939899833055191e-07
2.363939899833055191e-07
4.327212020033388903e-07
4.327212020033388903e-07
4.327212020033388903e-07
4.327212020033388903e-07
4.327212020033388903e-07
4.327212020033388903e-07
4.327212020033388903e-07
4.327212020033388903e-07
4.327212020033388903e-07
4.327212020033388903e-07
2.303839732888146916e-07
2.303839732888146916e-07
2.303839732888146916e-07
2.303839732888146916e-07
2.303839732888146916e-07
2.303839732888146916e-07
2.303839732888146916e-07
2.303839732888146916e-07
2.303839732888146916e-07
2.303839732888146916e-07
2.303839732888146916e-07
2.303839732888146916e-07
2.303839732888146916e-07
2.323873121869782832e-07
2.323873121869782832e-07
2.323873121869782832e-07
2.323873121869782832e-07
2.323873121869782832e-07
2.323873121869782832e-07
2.323873121869782832e-07
2.363939899833055191e-07
2.363939899833055191e-07
2.363939899833055191e-07
2.363939899833055191e-07
2.363939899833055191e-07
2.363939899833055191e-07
2.343906510851419011e-07
2.343906510851419011e-07
2.343906510851419011e-07
2.343906510851419011e-07
2.303839732888146916e-07
2.303839732888146916e-07
2.303839732888146916e-07
2.303839732888146916e-07
2.303839732888146916e-07
2.303839732888146916e-07
2.303839732888146916e-07
2.303839732888146916e-07
8.614357262103505712e-08
8.614357262103505712e-08
8.614357262103505712e-08
8.614357262103505712e-08
8.614357262103505712e-08
8.614357262103505712e-08
8.614357262103505712e-08
2.243739565943238642e-07
2.243739565943238642e-07
2.243739565943238642e-07
2.243739565943238642e-07
2.243739565943238642e-07
2.243739565943238642e-07
2.243739565943238642e-07
2.243739565943238642e-07
2.243739565943238642e-07
2.243739565943238642e-07
2.243739565943238642e-07
1.582637729549248678e-07
1.582637729549248678e-07
1.582637729549248678e-07
1.582637729549248678e-07
1.582637729549248678e-07
1.582637729549248678e-07
1.582637729549248678e-07
1.582637729549248678e-07
1.582637729549248678e-07
1.582637729549248678e-07
1.582637729549248678e-07
2.303839732888146916e-07
2.303839732888146916e-07
2.303839732888146916e-07
2.303839732888146916e-07
2.303839732888146916e-07
2.303839732888146916e-07
2.303839732888146916e-07
8.814691151919866187e-08
8.814691151919866187e-08
8.814691151919866187e-08
8.814691151919866187e-08
8.814691151919866187e-08
8.814691151919866187e-08
4.347245409015024819e-07
4.347245409015024819e-07
4.347245409015024819e-07
4.347245409015024819e-07
4.347245409015024819e-07
4.347245409015024819e-07
4.347245409015024819e-07
4.347245409015024819e-07
4.347245409015024819e-07
4.347245409015024819e-07
4.347245409015024819e-07
4.347245409015024819e-07
4.347245409015024819e-07
2.283806343906510737e-07
4.267111853088480629e-07
2.283806343906510737e-07
4.267111853088480629e-07
2.283806343906510737e-07
4.267111853088480629e-07
2.283806343906510737e-07
4.267111853088480629e-07
2.283806343906510737e-07
4.267111853088480629e-07
2.283806343906510737e-07
4.267111853088480629e-07
2.283806343906510737e-07
4.267111853088480629e-07
2.283806343906510737e-07
4.267111853088480629e-07
2.283806343906510737e-07
4.267111853088480629e-07
2.283806343906510737e-07
4.267111853088480629e-07
2.283806343906510737e-07
4.267111853088480629e-07
2.243739565943238642e-07
2.243739565943238642e-07
2.243739565943238642e-07
2.243739565943238642e-07
2.243739565943238642e-07
2.243739565943238642e-07
2.243739565943238642e-07
2.243739565943238642e-07
2.243739565943238642e-07
2.243739565943238642e-07
2.243739565943238642e-07
2.203672787979966547e-07
2.203672787979966547e-07
2.203672787979966547e-07
2.203672787979966547e-07
2.203672787979966547e-07
2.203672787979966547e-07
2.203672787979966547e-07
2.203672787979966547e-07
2.203672787979966547e-07
2.203672787979966547e-07
2.203672787979966547e-07
2.203672787979966547e-07
2.203672787979966547e-07
2.303839732888146916e-07
2.303839732888146916e-07
2.303839732888146916e-07
2.303839732888146916e-07
2.303839732888146916e-07
2.303839732888146916e-07
4.247078464106844713e-07
4.247078464106844713e-07
4.247078464106844713e-07
4.247078464106844713e-07
4.247078464106844713e-07
4.247078464106844713e-07
4.247078464106844713e-07
4.247078464106844713e-07
2.323873121869782832e-07
2.323873121869782832e-07
2.323873121869782832e-07
2.323873121869782832e-07
2.323873121869782832e-07
2.323873121869782832e-07
2.323873121869782832e-07
2.323873121869782832e-07
2.323873121869782832e-07
2.323873121869782832e-07
2.323873121869782832e-07
4.307178631051752988e-07
4.307178631051752988e-07
4.307178631051752988e-07
4.307178631051752988e-07
4.307178631051752988e-07
4.307178631051752988e-07
2.263772954924874821e-07
2.263772954924874821e-07
2.263772954924874821e-07
2.263772954924874821e-07
2.263772954924874821e-07
2.263772954924874821e-07
2.263772954924874821e-07
2.263772954924874821e-07
9.415692821368947611e-08
9.415692821368947611e-08
9.415692821368947611e-08
9.415692821368947611e-08
9.415692821368947611e-08
9.415692821368947611e-08
9.415692821368947611e-08
9.415692821368947611e-08
9.415692821368947611e-08
2.303839732888146916e-07
2.303839732888146916e-07
2.303839732888146916e-07
2.303839732888146916e-07
2.303839732888146916e-07
2.303839732888146916e-07
1.602671118530884791e-08
1.602671118530884791e-08
1.602671118530884791e-08
1.602671118530884791e-08
1.602671118530884791e-08
1.602671118530884791e-08
1.602671118530884791e-08
1.602671118530884791e-08
2.283806343906510737e-07
2.283806343906510737e-07
2.283806343906510737e-07
2.283806343906510737e-07
2.283806343906510737e-07
2.283806343906510737e-07
2.283806343906510737e-07
2.283806343906510737e-07
2.283806343906510737e-07
9.215358931552587136e-08
9.215358931552587136e-08
9.215358931552587136e-08
9.215358931552587136e-08
9.215358931552587136e-08
9.215358931552587136e-08
9.215358931552587136e-08
9.215358931552587136e-08
9.215358931552587136e-08
9.215358931552587136e-08
9.215358931552587136e-08
2.303839732888146916e-07
2.303839732888146916e-07
2.303839732888146916e-07
2.303839732888146916e-07
2.303839732888146916e-07
2.303839732888146916e-07
2.303839732888146916e-07
2.303839732888146916e-07
2.303839732888146916e-07
2.303839732888146916e-07
2.303839732888146916e-07
2.303839732888146916e-07
2.283806343906510737e-07
2.283806343906510737e-07
2.283806343906510737e-07
2.283806343906510737e-07
2.283806343906510737e-07
2.283806343906510737e-07
2.283806343906510737e-07
2.283806343906510737e-07
2.283806343906510737e-07
2.283806343906510737e-07
7.412353923205341539e-08
7.412353923205341539e-08
7.412353923205341539e-08
7.412353923205341539e-08
7.412353923205341539e-08
7.412353923205341539e-08
7.412353923205341539e-08
7.412353923205341539e-08
7.412353923205341539e-08
7.412353923205341539e-08
2.303839732888146916e-07
2.303839732888146916e-07
2.303839732888146916e-07
2.363939899833055191e-07
2.363939899833055191e-07
2.363939899833055191e-07
2.363939899833055191e-07
2.363939899833055191e-07
2.363939899833055191e-07
2.363939899833055191e-07
2.363939899833055191e-07
2.363939899833055191e-07
2.363939899833055191e-07
2.363939899833055191e-07
2.363939899833055191e-07
2.363939899833055191e-07
2.363939899833055191e-07
2.363939899833055191e-07
2.363939899833055191e-07
4.307178631051752988e-07
4.307178631051752988e-07
4.307178631051752988e-07
4.307178631051752988e-07
4.307178631051752988e-07
4.307178631051752988e-07
4.307178631051752988e-07
4.307178631051752988e-07
4.307178631051752988e-07
2.343906510851419011e-07
2.343906510851419011e-07
2.343906510851419011e-07
2.343906510851419011e-07
2.343906510851419011e-07
2.343906510851419011e-07
2.343906510851419011e-07
2.343906510851419011e-07
2.343906510851419011e-07
2.343906510851419011e-07
2.303839732888146916e-07
2.303839732888146916e-07
2.303839732888146916e-07
2.303839732888146916e-07
2.303839732888146916e-07
2.303839732888146916e-07
2.303839732888146916e-07
2.323873121869782832e-07
2.323873121869782832e-07
2.323873121869782832e-07
2.323873121869782832e-07
2.323873121869782832e-07
2.323873121869782832e-07
2.323873121869782832e-07
1.562604340567612762e-07
1.562604340567612762e-07
1.562604340567612762e-07
4.307178631051752988e-07
4.307178631051752988e-07
4.307178631051752988e-07
4.307178631051752988e-07
4.307178631051752988e-07
4.307178631051752988e-07
4.307178631051752988e-07
4.307178631051752988e-07
4.307178631051752988e-07
2.323873121869782832e-07
2.323873121869782832e-07
2.323873121869782832e-07
2.323873121869782832e-07
2.323873121869782832e-07
2.323873121869782832e-07
2.323873121869782832e-07
2.323873121869782832e-07
4.327212020033388903e-07
4.327212020033388903e-07
4.327212020033388903e-07
4.327212020033388903e-07
4.327212020033388903e-07
4.327212020033388903e-07
4.327212020033388903e-07
4.327212020033388903e-07
4.327212020033388903e-07
4.327212020033388903e-07
4.327212020033388903e-07
2.303839732888146916e-07
2.303839732888146916e-07
2.303839732888146916e-07
2.303839732888146916e-07
2.363939899833055191e-07
2.363939899833055191e-07
2.363939899833055191e-07
2.363939899833055191e-07
2.363939899833055191e-07
2.363939899833055191e-07
2.363939899833055191e-07
2.363939899833055191e-07
2.363939899833055191e-07
2.363939899833055191e-07
2.363939899833055191e-07
2.303839732888146916e-07
2.303839732888146916e-07
2.303839732888146916e-07
2.303839732888146916e-07
2.303839732888146916e-07
2.303839732888146916e-07
2.303839732888146916e-07
2.303839732888146916e-07
2.303839732888146916e-07
2.303839732888146916e-07
2.303839732888146916e-07
2.283806343906510737e-07
2.283806343906510737e-07
2.283806343906510737e-07
2.283806343906510737e-07
2.283806343906510737e-07
2.283806343906510737e-07
2.283806343906510737e-07
2.283806343906510737e-07
2.243739565943238642e-07
2.243739565943238642e-07
2.243739565943238642e-07
2.243739565943238642e-07
2.243739565943238642e-07
2.243739565943238642e-07
2.243739565943238642e-07
2.243739565943238642e-07
2.243739565943238642e-07
2.323873121869782832e-07
2.323873121869782832e-07
2.323873121869782832e-07
2.323873121869782832e-07
1.322203672787979928e-07
1.322203672787979928e-07
1.322203672787979928e-07
1.322203672787979928e-07
1.322203672787979928e-07
1.322203672787979928e-07
1.322203672787979928e-07
1.322203672787979928e-07
1.322203672787979928e-07
1.322203672787979928e-07
1.322203672787979928e-07
2.323873121869782832e-07
2.323873121869782832e-07
2.323873121869782832e-07
2.323873121869782832e-07
2.323873121869782832e-07
2.323873121869782832e-07
2.323873121869782832e-07
2.323873121869782832e-07
2.323873121869782832e-07
2.323873121869782832e-07
2.323873121869782832e-07
2.323873121869782832e-07
9.095158597662771116e-07
9.095158597662771116e-07
9.095158597662771116e-07
9.095158597662771116e-07
2.303839732888146916e-07
2.303839732888146916e-07
2.303839732888146916e-07
2.303839732888146916e-07
2.303839732888146916e-07
2.303839732888146916e-07
2.303839732888146916e-07
2.303839732888146916e-07
2.303839732888146916e-07
2.223706176961602726e-07
2.223706176961602726e-07
2.223706176961602726e-07
2.223706176961602726e-07
2.223706176961602726e-07
2.223706176961602726e-07
2.223706176961602726e-07
2.323873121869782832e-07
2.323873121869782832e-07
2.323873121869782832e-07
2.323873121869782832e-07
2.323873121869782832e-07
2.323873121869782832e-07
2.303839732888146916e-07
2.303839732888146916e-07
2.303839732888146916e-07
2.303839732888146916e-07
2.303839732888146916e-07
2.303839732888146916e-07
2.303839732888146916e-07
2.363939899833055191e-07
2.363939899833055191e-07
2.363939899833055191e-07
2.363939899833055191e-07
2.363939899833055191e-07
2.303839732888146916e-07
2.303839732888146916e-07
1.202003338898163643e-07
1.202003338898163643e-07
1.202003338898163643e-07
1.202003338898163643e-07
2.363939899833055191e-07
2.363939899833055191e-07
2.363939899833055191e-07
2.363939899833055191e-07
2.363939899833055191e-07
2.343906510851419011e-07
2.343906510851419011e-07
2.343906510851419011e-07
2.343906510851419011e-07
2.343906510851419011e-07
2.343906510851419011e-07
2.383973288814691106e-07
2.383973288814691106e-07
2.383973288814691106e-07
2.383973288814691106e-07
2.383973288814691106e-07
2.383973288814691106e-07
2.383973288814691106e-07
2.383973288814691106e-07
2.383973288814691106e-07
2.383973288814691106e-07
2.323873121869782832e-07
2.323873121869782832e-07
2.323873121869782832e-07
2.323873121869782832e-07
2.323873121869782832e-07
2.323873121869782832e-07
2.323873121869782832e-07
2.323873121869782832e-07
2.323873121869782832e-07
2.323873121869782832e-07
2.323873121869782832e-07
4.367278797996661263e-07
4.367278797996661263e-07
4.367278797996661263e-07
4.367278797996661263e-07
4.367278797996661263e-07
4.367278797996661263e-07
4.367278797996661263e-07
4.367278797996661263e-07
4.367278797996661263e-07
2.323873121869782832e-07
2.323873121869782832e-07
2.323873121869782832e-07
2.323873121869782832e-07
2.323873121869782832e-07
2.323873121869782832e-07
2.323873121869782832e-07
2.323873121869782832e-07
2.323873121869782832e-07
2.404006677796327021e-08
2.404006677796327021e-08
2.404006677796327021e-08
2.404006677796327021e-08
2.404006677796327021e-08
2.404006677796327021e-08
2.404006677796327021e-08
2.404006677796327021e-08
2.404006677796327021e-08
2.404006677796327021e-08
4.227045075125208798e-07
4.227045075125208798e-07
4.227045075125208798e-07
4.227045075125208798e-07
4.227045075125208798e-07
4.227045075125208798e-07
4.227045075125208798e-07
4.227045075125208798e-07
4.227045075125208798e-07
4.227045075125208798e-07
2.303839732888146916e-07
2.303839732888146916e-07
2.303839732888146916e-07
2.303839732888146916e-07
2.303839732888146916e-07
2.303839732888146916e-07
2.303839732888146916e-07
2.303839732888146916e-07
2.323873121869782832e-07
2.323873121869782832e-07
2.323873121869782832e-07
2.323873121869782832e-07
2.323873121869782832e-07
2.323873121869782832e-07
2.323873121869782832e-07
2.323873121869782832e-07
2.243739565943238642e-07
2.243739565943238642e-07
2.243739565943238642e-07
2.243739565943238642e-07
2.243739565943238642e-07
2.243739565943238642e-07
2.243739565943238642e-07
2.243739565943238642e-07
6.410684474123539165e-08
6.410684474123539165e-08
6.410684474123539165e-08
6.410684474123539165e-08
6.410684474123539165e-08
6.410684474123539165e-08
6.410684474123539165e-08
6.410684474123539165e-08
6.410684474123539165e-08
6.410684474123539165e-08
2.303839732888146916e-07
2.303839732888146916e-07
2.303839732888146916e-07
2.303839732888146916e-07
2.303839732888146916e-07
2.303839732888146916e-07
2.303839732888146916e-07
0.000000000000000000e+00
0.000000000000000000e+00
0.000000000000000000e+00
0.000000000000000000e+00
0.000000000000000000e+00
0.000000000000000000e+00
2.323873121869782832e-07
2.323873121869782832e-07
2.323873121869782832e-07
2.323873121869782832e-07
2.323873121869782832e-07
2.323873121869782832e-07
2.323873121869782832e-07
4.347245409015024819e-07
4.347245409015024819e-07
4.347245409015024819e-07
4.347245409015024819e-07
4.347245409015024819e-07
4.347245409015024819e-07
4.347245409015024819e-07
4.347245409015024819e-07
1.222036727879799558e-07
1.222036727879799558e-07
1.222036727879799558e-07
1.222036727879799558e-07
1.222036727879799558e-07
1.222036727879799558e-07
1.222036727879799558e-07
1.222036727879799558e-07
1.222036727879799558e-07
1.222036727879799558e-07
1.222036727879799558e-07
1.222036727879799558e-07
2.203672787979966547e-07
2.203672787979966547e-07
2.203672787979966547e-07
2.203672787979966547e-07
2.203672787979966547e-07
2.203672787979966547e-07
2.203672787979966547e-07
2.203672787979966547e-07
2.203672787979966547e-07
2.283806343906510737e-07
2.283806343906510737e-07
2.283806343906510737e-07
2.283806343906510737e-07
2.283806343906510737e-07
2.283806343906510737e-07
2.283806343906510737e-07
2.343906510851419011e-07
2.343906510851419011e-07
2.343906510851419011e-07
2.343906510851419011e-07
2.343906510851419011e-07
2.343906510851419011e-07
2.343906510851419011e-07
2.343906510851419011e-07
2.343906510851419011e-07
2.283806343906510737e-07
2.283806343906510737e-07
2.283806343906510737e-07
2.283806343906510737e-07
2.283806343906510737e-07
2.283806343906510737e-07
2.303839732888146916e-07
2.303839732888146916e-07
2.303839732888146916e-07
2.303839732888146916e-07
2.303839732888146916e-07
2.303839732888146916e-07
2.303839732888146916e-07
2.303839732888146916e-07
2.303839732888146916e-07
2.303839732888146916e-07
2.303839732888146916e-07
2.303839732888146916e-07
2.303839732888146916e-07
2.303839732888146916e-07
2.303839732888146916e-07
2.303839732888146916e-07
2.303839732888146916e-07
2.323873121869782832e-07
2.323873121869782832e-07
2.323873121869782832e-07
2.323873121869782832e-07
2.323873121869782832e-07
2.323873121869782832e-07
2.323873121869782832e-07
2.323873121869782832e-07
2.323873121869782832e-07
2.323873121869782832e-07
2.323873121869782832e-07
1.362270450751252023e-07
1.362270450751252023e-07
1.362270450751252023e-07
1.362270450751252023e-07
1.362270450751252023e-07
1.362270450751252023e-07
1.362270450751252023e-07
1.362270450751252023e-07
1.362270450751252023e-07
1.362270450751252023e-07
4.327212020033388903e-07
4.327212020033388903e-07
4.327212020033388903e-07
4.327212020033388903e-07
4.327212020033388903e-07
4.327212020033388903e-07
4.327212020033388903e-07
4.327212020033388903e-07
1.001669449081803036e-07
1.001669449081803036e-07
1.001669449081803036e-07
1.001669449081803036e-07
1.001669449081803036e-07
1.001669449081803036e-07
1.001669449081803036e-07
1.001669449081803036e-07
1.001669449081803036e-07
4.287145242070117073e-07
4.287145242070117073e-07
4.287145242070117073e-07
4.287145242070117073e-07
4.287145242070117073e-07
4.287145242070117073e-07
4.287145242070117073e-07
4.287145242070117073e-07
4.287145242070117073e-07
4.287145242070117073e-07
1.121869782971619321e-07
1.121869782971619321e-07
1.121869782971619321e-07
1.121869782971619321e-07
1.121869782971619321e-07
1.121869782971619321e-07
1.121869782971619321e-07
1.121869782971619321e-07
1.121869782971619321e-07
9.415692821368947611e-08
9.415692821368947611e-08
9.415692821368947611e-08
9.415692821368947611e-08
9.415692821368947611e-08
9.415692821368947611e-08
9.415692821368947611e-08
9.415692821368947611e-08
9.415692821368947611e-08
9.415692821368947611e-08
2.303839732888146916e-07
2.303839732888146916e-07
2.303839732888146916e-07
2.303839732888146916e-07
2.303839732888146916e-07
2.303839732888146916e-07
2.283806343906510737e-07
2.283806343906510737e-07
2.283806343906510737e-07
2.283806343906510737e-07
2.283806343906510737e-07
2.283806343906510737e-07
2.283806343906510737e-07
2.283806343906510737e-07
2.283806343906510737e-07
2.283806343906510737e-07
2.283806343906510737e-07
4.287145242070117073e-07
4.287145242070117073e-07
4.287145242070117073e-07
4.287145242070117073e-07
4.287145242070117073e-07
4.287145242070117073e-07
4.287145242070117073e-07
4.287145242070117073e-07
4.287145242070117073e-07
4.287145242070117073e-07
2.283806343906510737e-07
2.283806343906510737e-07
2.283806343906510737e-07
2.283806343906510737e-07
2.283806343906510737e-07
2.283806343906510737e-07
2.283806343906510737e-07
2.283806343906510737e-07
2.283806343906510737e-07
2.283806343906510737e-07
2.303839732888146916e-07
2.303839732888146916e-07
2.303839732888146916e-07
2.303839732888146916e-07
2.303839732888146916e-07
2.303839732888146916e-07
2.303839732888146916e-07
2.303839732888146916e-07
1.442404006677796213e-07
1.442404006677796213e-07
1.442404006677796213e-07
1.442404006677796213e-07
1.442404006677796213e-07
1.442404006677796213e-07
1.442404006677796213e-07
1.442404006677796213e-07
1.442404006677796213e-07
2.343906510851419011e-07
2.343906510851419011e-07
2.343906510851419011e-07
2.343906510851419011e-07
2.343906510851419011e-07
2.343906510851419011e-07
2.343906510851419011e-07
2.343906510851419011e-07
2.343906510851419011e-07
2.343906510851419011e-07
2.323873121869782832e-07
2.323873121869782832e-07
2.323873121869782832e-07
2.323873121869782832e-07
2.323873121869782832e-07
2.323873121869782832e-07
2.323873121869782832e-07
2.323873121869782832e-07
2.323873121869782832e-07
2.323873121869782832e-07
2.303839732888146916e-07
2.303839732888146916e-07
2.303839732888146916e-07
2.303839732888146916e-07
2.303839732888146916e-07
2.283806343906510737e-07
2.283806343906510737e-07
2.283806343906510737e-07
2.283806343906510737e-07
2.283806343906510737e-07
2.283806343906510737e-07
2.283806343906510737e-07
2.343906510851419011e-07
2.343906510851419011e-07
2.343906510851419011e-07
2.343906510851419011e-07
2.343906510851419011e-07
3.806343906510851669e-08
3.806343906510851669e-08
3.806343906510851669e-08
3.806343906510851669e-08
3.806343906510851669e-08
3.806343906510851669e-08
3.806343906510851669e-08
3.806343906510851669e-08
3.806343906510851669e-08
3.806343906510851669e-08
2.203672787979966547e-07
2.203672787979966547e-07
2.203672787979966547e-07
2.203672787979966547e-07
4.287145242070117073e-07
4.287145242070117073e-07
4.287145242070117073e-07
4.287145242070117073e-07
2.323873121869782832e-07
2.323873121869782832e-07
2.323873121869782832e-07
2.323873121869782832e-07
2.323873121869782832e-07
2.323873121869782832e-07
2.323873121869782832e-07
2.323873121869782832e-07
2.323873121869782832e-07
2.243739565943238642e-07
4.247078464106844713e-07
2.243739565943238642e-07
4.247078464106844713e-07
2.243739565943238642e-07
4.247078464106844713e-07
2.243739565943238642e-07
4.247078464106844713e-07
2.243739565943238642e-07
4.247078464106844713e-07
2.243739565943238642e-07
4.247078464106844713e-07
2.243739565943238642e-07
4.247078464106844713e-07
2.243739565943238642e-07
4.247078464106844713e-07
2.303839732888146916e-07
2.303839732888146916e-07
2.303839732888146916e-07
2.303839732888146916e-07
2.303839732888146916e-07
2.303839732888146916e-07
2.303839732888146916e-07
2.303839732888146916e-07
2.303839732888146916e-07
2.303839732888146916e-07
2.303839732888146916e-07
2.343906510851419011e-07
2.343906510851419011e-07
2.343906510851419011e-07
2.343906510851419011e-07
2.343906510851419011e-07
2.343906510851419011e-07
4.347245409015024819e-07
4.347245409015024819e-07
4.347245409015024819e-07
4.347245409015024819e-07
4.347245409015024819e-07
4.347245409015024819e-07
4.347245409015024819e-07
4.347245409015024819e-07
4.347245409015024819e-07
4.347245409015024819e-07
4.347245409015024819e-07
4.347245409015024819e-07
4.307178631051752988e-07
4.307178631051752988e-07
4.307178631051752988e-07
4.307178631051752988e-07
4.307178631051752988e-07
2.283806343906510737e-07
2.283806343906510737e-07
2.283806343906510737e-07
2.283806343906510737e-07
2.283806343906510737e-07
2.283806343906510737e-07
2.283806343906510737e-07
2.283806343906510737e-07
1.013689482470784611e-06
1.013689482470784611e-06
1.013689482470784611e-06
1.013689482470784611e-06
1.013689482470784611e-06
1.013689482470784611e-06
1.013689482470784611e-06
1.013689482470784611e-06
1.013689482470784611e-06
2.363939899833055191e-07
2.363939899833055191e-07
2.363939899833055191e-07
2.363939899833055191e-07
2.363939899833055191e-07
2.363939899833055191e-07
2.363939899833055191e-07
2.363939899833055191e-07
2.363939899833055191e-07
2.363939899833055191e-07
2.363939899833055191e-07
2.363939899833055191e-07
2.363939899833055191e-07
2.363939899833055191e-07
2.363939899833055191e-07
2.363939899833055191e-07
2.363939899833055191e-07
2.363939899833055191e-07
2.203672787979966547e-07
2.203672787979966547e-07
2.203672787979966547e-07
2.203672787979966547e-07
2.203672787979966547e-07
2.203672787979966547e-07
2.203672787979966547e-07
2.203672787979966547e-07
2.203672787979966547e-07
2.203672787979966547e-07
2.263772954924874821e-07
2.263772954924874821e-07
2.263772954924874821e-07
2.263772954924874821e-07
2.263772954924874821e-07
2.263772954924874821e-07
2.263772954924874821e-07
2.263772954924874821e-07
2.283806343906510737e-07
2.283806343906510737e-07
2.283806343906510737e-07
2.283806343906510737e-07
2.283806343906510737e-07
2.283806343906510737e-07
2.283806343906510737e-07
2.283806343906510737e-07
2.283806343906510737e-07
2.283806343906510737e-07
1.001669449081803036e-07
1.001669449081803036e-07
1.001669449081803036e-07
1.001669449081803036e-07
1.001669449081803036e-07
1.001669449081803036e-07
1.001669449081803036e-07
1.001669449081803036e-07
1.001669449081803036e-07
1.001669449081803036e-07
1.001669449081803036e-07
4.307178631051752988e-07
4.307178631051752988e-07
4.307178631051752988e-07
4.307178631051752988e-07
4.307178631051752988e-07
4.307178631051752988e-07
4.307178631051752988e-07
4.307178631051752988e-07
4.307178631051752988e-07
2.303839732888146916e-07
2.303839732888146916e-07
2.303839732888146916e-07
2.303839732888146916e-07
2.303839732888146916e-07
2.303839732888146916e-07
2.303839732888146916e-07
2.303839732888146916e-07
2.303839732888146916e-07
2.303839732888146916e-07
2.303839732888146916e-07
2.323873121869782832e-07
2.323873121869782832e-07
2.323873121869782832e-07
2.323873121869782832e-07
2.323873121869782832e-07
2.323873121869782832e-07
2.323873121869782832e-07
2.323873121869782832e-07
2.323873121869782832e-07
2.323873121869782832e-07
2.323873121869782832e-07
2.323873121869782832e-07
2.323873121869782832e-07
2.323873121869782832e-07
2.323873121869782832e-07
2.323873121869782832e-07
2.323873121869782832e-07
2.303839732888146916e-07
2.303839732888146916e-07
2.303839732888146916e-07
2.303839732888146916e-07
2.303839732888146916e-07
2.303839732888146916e-07
2.303839732888146916e-07
2.243739565943238642e-07
2.243739565943238642e-07
2.243739565943238642e-07
2.243739565943238642e-07
2.243739565943238642e-07
2.243739565943238642e-07
2.243739565943238642e-07
2.243739565943238642e-07
2.243739565943238642e-07
2.243739565943238642e-07
2.243739565943238642e-07
2.243739565943238642e-07
2.223706176961602726e-07
2.223706176961602726e-07
2.223706176961602726e-07
2.223706176961602726e-07
2.223706176961602726e-07
2.223706176961602726e-07
2.223706176961602726e-07
2.223706176961602726e-07
2.203672787979966547e-07
2.203672787979966547e-07
2.203672787979966547e-07
2.203672787979966547e-07
2.203672787979966547e-07
2.203672787979966547e-07
2.203672787979966547e-07
2.203672787979966547e-07
4.287145242070117073e-07
4.287145242070117073e-07
4.287145242070117073e-07
4.287145242070117073e-07
4.287145242070117073e-07
4.287145242070117073e-07
4.287145242070117073e-07
4.287145242070117073e-07
4.287145242070117073e-07
4.287145242070117073e-07
2.343906510851419011e-07
2.343906510851419011e-07
2.343906510851419011e-07
2.343906510851419011e-07
2.343906510851419011e-07
2.343906510851419011e-07
2.343906510851419011e-07
2.343906510851419011e-07
2.343906510851419011e-07
2.343906510851419011e-07
2.343906510851419011e-07
2.343906510851419011e-07
2.343906510851419011e-07
2.343906510851419011e-07
2.343906510851419011e-07
2.343906510851419011e-07
2.343906510851419011e-07
2.343906510851419011e-07
2.343906510851419011e-07
2.303839732888146916e-07
2.303839732888146916e-07
2.303839732888146916e-07
2.303839732888146916e-07
2.303839732888146916e-07
2.303839732888146916e-07
2.303839732888146916e-07
2.303839732888146916e-07
2.303839732888146916e-07
2.323873121869782832e-07
2.323873121869782832e-07
2.323873121869782832e-07
2.323873121869782832e-07
2.323873121869782832e-07
2.323873121869782832e-07
2.323873121869782832e-07
2.323873121869782832e-07
2.323873121869782832e-07
2.323873121869782832e-07
2.283806343906510737e-07
2.283806343906510737e-07
2.283806343906510737e-07
2.283806343906510737e-07
2.283806343906510737e-07
2.283806343906510737e-07
2.283806343906510737e-07
4.347245409015024819e-07
4.347245409015024819e-07
4.347245409015024819e-07
4.347245409015024819e-07
4.347245409015024819e-07
4.347245409015024819e-07
4.347245409015024819e-07
2.323873121869782832e-07
2.323873121869782832e-07
2.323873121869782832e-07
2.323873121869782832e-07
2.323873121869782832e-07
2.323873121869782832e-07
2.323873121869782832e-07
2.323873121869782832e-07
2.323873121869782832e-07
2.323873121869782832e-07
2.323873121869782832e-07
