1.682804674457429047e-07
1.682804674457429047e-07
1.682804674457429047e-07
1.682804674457429047e-07
1.682804674457429047e-07
1.682804674457429047e-07
1.151919866444073538e-06
1.151919866444073538e-06
1.151919866444073538e-06
1.151919866444073538e-06
1.151919866444073538e-06
1.151919866444073538e-06
1.151919866444073538e-06
1.151919866444073538e-06
1.151919866444073538e-06
1.151919866444073538e-06
1.702838063439064963e-07
1.702838063439064963e-07
1.702838063439064963e-07
1.702838063439064963e-07
1.702838063439064963e-07
1.702838063439064963e-07
1.702838063439064963e-07
1.702838063439064963e-07
1.702838063439064963e-07
1.702838063439064963e-07
1.702838063439064963e-07
1.562604340567612762e-07
1.562604340567612762e-07
1.562604340567612762e-07
1.562604340567612762e-07
1.562604340567612762e-07
1.562604340567612762e-07
1.562604340567612762e-07
1.562604340567612762e-07
1.562604340567612762e-07
1.562604340567612762e-07
1.562604340567612762e-07
1.562604340567612762e-07
1.582637729549248678e-07
1.582637729549248678e-07
1.582637729549248678e-07
1.582637729549248678e-07
1.582637729549248678e-07
1.582637729549248678e-07
1.582637729549248678e-07
1.582637729549248678e-07
1.582637729549248678e-07
1.702838063439064963e-07
1.702838063439064963e-07
1.702838063439064963e-07
1.702838063439064963e-07
1.702838063439064963e-07
1.702838063439064963e-07
1.702838063439064963e-07
1.702838063439064963e-07
1.702838063439064963e-07
1.702838063439064963e-07
1.742904841402337322e-07
1.742904841402337322e-07
1.742904841402337322e-07
1.742904841402337322e-07
1.742904841402337322e-07
1.742904841402337322e-07
1.742904841402337322e-07
1.742904841402337322e-07
1.742904841402337322e-07
1.722871452420701142e-07
1.722871452420701142e-07
1.722871452420701142e-07
1.722871452420701142e-07
1.722871452420701142e-07
1.722871452420701142e-07
1.722871452420701142e-07
1.622704507512520773e-07
1.622704507512520773e-07
1.622704507512520773e-07
1.622704507512520773e-07
1.742904841402337322e-07
1.742904841402337322e-07
1.742904841402337322e-07
1.742904841402337322e-07
1.742904841402337322e-07
1.742904841402337322e-07
1.742904841402337322e-07
1.742904841402337322e-07
1.742904841402337322e-07
1.742904841402337322e-07
1.742904841402337322e-07
1.742904841402337322e-07
1.742904841402337322e-07
1.742904841402337322e-07
1.742904841402337322e-07
1.782971619365609417e-07
1.782971619365609417e-07
1.782971619365609417e-07
1.782971619365609417e-07
1.782971619365609417e-07
1.582637729549248678e-07
1.582637729549248678e-07
1.582637729549248678e-07
1.582637729549248678e-07
1.582637729549248678e-07
1.582637729549248678e-07
1.582637729549248678e-07
1.582637729549248678e-07
1.582637729549248678e-07
1.582637729549248678e-07
1.582637729549248678e-07
1.823038397328881512e-07
1.823038397328881512e-07
1.823038397328881512e-07
1.823038397328881512e-07
1.823038397328881512e-07
1.823038397328881512e-07
1.823038397328881512e-07
1.823038397328881512e-07
1.823038397328881512e-07
1.823038397328881512e-07
1.823038397328881512e-07
2.343906510851419011e-07
2.343906510851419011e-07
2.343906510851419011e-07
2.343906510851419011e-07
2.343906510851419011e-07
2.343906510851419011e-07
2.343906510851419011e-07
2.343906510851419011e-07
2.343906510851419011e-07
2.343906510851419011e-07
2.343906510851419011e-07
2.343906510851419011e-07
2.343906510851419011e-07
5.809682804674457079e-08
5.809682804674457079e-08
5.809682804674457079e-08
5.809682804674457079e-08
5.809682804674457079e-08
5.809682804674457079e-08
1.722871452420701142e-07
1.722871452420701142e-07
1.722871452420701142e-07
1.722871452420701142e-07
2.003338898163606072e-08
2.003338898163606072e-08
2.003338898163606072e-08
2.003338898163606072e-08
2.003338898163606072e-08
2.003338898163606072e-08
2.003338898163606072e-08
2.003338898163606072e-08
2.003338898163606072e-08
2.003338898163606072e-08
2.003338898163606072e-08
1.642737896494156952e-07
1.642737896494156952e-07
1.642737896494156952e-07
1.642737896494156952e-07
1.642737896494156952e-07
1.642737896494156952e-07
1.642737896494156952e-07
1.642737896494156952e-07
1.702838063439064963e-07
1.702838063439064963e-07
1.702838063439064963e-07
1.702838063439064963e-07
1.702838063439064963e-07
1.702838063439064963e-07
1.702838063439064963e-07
1.702838063439064963e-07
1.702838063439064963e-07
1.702838063439064963e-07
9.215358931552587136e-08
9.215358931552587136e-08
9.215358931552587136e-08
9.215358931552587136e-08
9.215358931552587136e-08
9.215358931552587136e-08
