1.085809682804674541e-06
1.085809682804674541e-06
1.085809682804674541e-06
1.085809682804674541e-06
1.085809682804674541e-06
1.085809682804674541e-06
1.085809682804674541e-06
1.085809682804674541e-06
1.085809682804674541e-06
1.085809682804674541e-06
1.085809682804674541e-06
1.085809682804674541e-06
1.085809682804674541e-06
1.085809682804674541e-06
1.085809682804674541e-06
1.085809682804674541e-06
1.085809682804674541e-06
3.285475792988313905e-07
3.285475792988313905e-07
3.285475792988313905e-07
3.285475792988313905e-07
3.285475792988313905e-07
3.285475792988313905e-07
3.285475792988313905e-07
3.285475792988313905e-07
3.285475792988313905e-07
3.285475792988313905e-07
3.285475792988313905e-07
3.285475792988313905e-07
3.285475792988313905e-07
3.285475792988313905e-07
9.235392320534224110e-07
9.235392320534224110e-07
9.235392320534224110e-07
9.235392320534224110e-07
9.235392320534224110e-07
9.235392320534224110e-07
9.235392320534224110e-07
9.235392320534224110e-07
9.235392320534224110e-07
9.235392320534224110e-07
9.235392320534224110e-07
9.235392320534224110e-07
9.235392320534224110e-07
1.001669449081803036e-07
1.001669449081803036e-07
1.001669449081803036e-07
1.001669449081803036e-07
1.001669449081803036e-07
1.001669449081803036e-07
1.001669449081803036e-07
1.001669449081803036e-07
1.001669449081803036e-07
1.001669449081803036e-07
1.001669449081803036e-07
1.001669449081803036e-07
1.001669449081803036e-07
8.454090150250417597e-07
8.454090150250417597e-07
8.454090150250417597e-07
8.454090150250417597e-07
8.454090150250417597e-07
8.454090150250417597e-07
8.454090150250417597e-07
8.454090150250417597e-07
8.454090150250417597e-07
8.454090150250417597e-07
8.454090150250417597e-07
8.454090150250417597e-07
6.130217028380634500e-07
6.130217028380634500e-07
6.130217028380634500e-07
6.130217028380634500e-07
6.130217028380634500e-07
6.130217028380634500e-07
6.130217028380634500e-07
6.130217028380634500e-07
6.130217028380634500e-07
6.130217028380634500e-07
7.792988313856427633e-07
7.792988313856427633e-07
7.792988313856427633e-07
7.792988313856427633e-07
7.792988313856427633e-07
7.792988313856427633e-07
7.792988313856427633e-07
7.792988313856427633e-07
7.792988313856427633e-07
7.792988313856427633e-07
3.165275459098497355e-07
3.165275459098497355e-07
3.165275459098497355e-07
3.165275459098497355e-07
3.165275459098497355e-07
3.165275459098497355e-07
3.165275459098497355e-07
3.165275459098497355e-07
8.554257095158597702e-07
8.554257095158597702e-07
8.554257095158597702e-07
8.554257095158597702e-07
8.554257095158597702e-07
8.554257095158597702e-07
8.554257095158597702e-07
8.554257095158597702e-07
4.467445742904841368e-07
4.467445742904841368e-07
4.467445742904841368e-07
4.467445742904841368e-07
4.467445742904841368e-07
4.467445742904841368e-07
4.467445742904841368e-07
4.467445742904841368e-07
4.467445742904841368e-07
4.467445742904841368e-07
4.467445742904841368e-07
4.467445742904841368e-07
4.467445742904841368e-07
4.467445742904841368e-07
6.010016694490817951e-07
6.010016694490817951e-07
6.010016694490817951e-07
6.010016694490817951e-07
6.010016694490817951e-07
6.010016694490817951e-07
5.068447412353923057e-07
5.068447412353923057e-07
5.068447412353923057e-07
5.068447412353923057e-07
5.068447412353923057e-07
5.068447412353923057e-07
5.068447412353923057e-07
5.068447412353923057e-07
5.068447412353923057e-07
5.068447412353923057e-07
5.068447412353923057e-07
5.068447412353923057e-07
5.068447412353923057e-07
5.068447412353923057e-07
5.809682804674457079e-08
5.809682804674457079e-08
5.809682804674457079e-08
5.809682804674457079e-08
5.809682804674457079e-08
5.809682804674457079e-08
5.809682804674457079e-08
5.809682804674457079e-08
5.809682804674457079e-08
5.809682804674457079e-08
5.809682804674457079e-08
6.410684474123539165e-08
6.410684474123539165e-08
6.410684474123539165e-08
6.410684474123539165e-08
6.410684474123539165e-08
6.410684474123539165e-08
6.410684474123539165e-08
6.410684474123539165e-08
6.410684474123539165e-08
6.410684474123539165e-08
6.410684474123539165e-08
6.410684474123539165e-08
6.410684474123539165e-08
6.410684474123539165e-08
1.185976627712854646e-06
1.185976627712854646e-06
1.185976627712854646e-06
1.185976627712854646e-06
1.185976627712854646e-06
1.185976627712854646e-06
1.185976627712854646e-06
1.185976627712854646e-06
1.185976627712854646e-06
1.185976627712854646e-06
1.185976627712854646e-06
1.185976627712854646e-06
1.185976627712854646e-06
2.444073455759599116e-07
2.444073455759599116e-07
2.444073455759599116e-07
2.444073455759599116e-07
2.444073455759599116e-07
2.444073455759599116e-07
2.444073455759599116e-07
2.444073455759599116e-07
2.444073455759599116e-07
2.444073455759599116e-07
2.444073455759599116e-07
2.444073455759599116e-07
2.444073455759599116e-07
2.444073455759599116e-07
3.125208681135225525e-07
3.125208681135225525e-07
3.125208681135225525e-07
3.125208681135225525e-07
3.125208681135225525e-07
3.125208681135225525e-07
3.125208681135225525e-07
3.125208681135225525e-07
3.125208681135225525e-07
3.125208681135225525e-07
3.125208681135225525e-07
8.313856427378964602e-07
8.313856427378964602e-07
8.313856427378964602e-07
8.313856427378964602e-07
8.313856427378964602e-07
8.313856427378964602e-07
8.313856427378964602e-07
8.313856427378964602e-07
8.313856427378964602e-07
8.313856427378964602e-07
8.313856427378964602e-07
8.313856427378964602e-07
5.128547579298831332e-07
5.128547579298831332e-07
5.128547579298831332e-07
5.128547579298831332e-07
5.128547579298831332e-07
5.128547579298831332e-07
5.128547579298831332e-07
5.128547579298831332e-07
5.128547579298831332e-07
5.128547579298831332e-07
5.128547579298831332e-07
5.128547579298831332e-07
5.128547579298831332e-07
9.575959933222036256e-07
9.575959933222036256e-07
9.575959933222036256e-07
9.575959933222036256e-07
9.575959933222036256e-07
9.575959933222036256e-07
9.575959933222036256e-07
9.575959933222036256e-07
9.575959933222036256e-07
7.171953255425709499e-07
7.171953255425709499e-07
7.171953255425709499e-07
7.171953255425709499e-07
7.171953255425709499e-07
7.171953255425709499e-07
7.171953255425709499e-07
7.171953255425709499e-07
3.826377295492487319e-07
3.826377295492487319e-07
3.826377295492487319e-07
3.826377295492487319e-07
3.826377295492487319e-07
3.826377295492487319e-07
3.826377295492487319e-07
3.826377295492487319e-07
1.782971619365609417e-07
1.782971619365609417e-07
1.782971619365609417e-07
1.782971619365609417e-07
1.782971619365609417e-07
1.782971619365609417e-07
8.013355592654424287e-08
8.013355592654424287e-08
8.013355592654424287e-08
8.013355592654424287e-08
8.013355592654424287e-08
8.013355592654424287e-08
8.013355592654424287e-08
8.013355592654424287e-08
8.013355592654424287e-08
8.013355592654424287e-08
1.682804674457429047e-07
1.682804674457429047e-07
1.682804674457429047e-07
1.682804674457429047e-07
1.682804674457429047e-07
1.682804674457429047e-07
1.093823038397328907e-06
1.093823038397328907e-06
1.093823038397328907e-06
1.093823038397328907e-06
1.093823038397328907e-06
1.093823038397328907e-06
1.093823038397328907e-06
5.469115191986644536e-07
5.469115191986644536e-07
5.469115191986644536e-07
5.469115191986644536e-07
5.469115191986644536e-07
5.469115191986644536e-07
5.469115191986644536e-07
5.469115191986644536e-07
5.469115191986644536e-07
5.469115191986644536e-07
5.469115191986644536e-07
5.469115191986644536e-07
5.469115191986644536e-07
5.469115191986644536e-07
5.469115191986644536e-07
9.636060100166945589e-07
9.636060100166945589e-07
9.636060100166945589e-07
9.636060100166945589e-07
9.636060100166945589e-07
9.636060100166945589e-07
9.636060100166945589e-07
9.636060100166945589e-07
9.636060100166945589e-07
9.636060100166945589e-07
9.636060100166945589e-07
2.744574290484139961e-07
2.744574290484139961e-07
2.744574290484139961e-07
2.744574290484139961e-07
2.744574290484139961e-07
2.744574290484139961e-07
2.744574290484139961e-07
2.744574290484139961e-07
2.744574290484139961e-07
6.490818030050083090e-07
6.490818030050083090e-07
6.490818030050083090e-07
6.490818030050083090e-07
6.490818030050083090e-07
6.490818030050083090e-07
6.490818030050083090e-07
6.490818030050083090e-07
1.782971619365609417e-07
1.782971619365609417e-07
1.782971619365609417e-07
1.782971619365609417e-07
1.782971619365609417e-07
1.782971619365609417e-07
1.782971619365609417e-07
1.782971619365609417e-07
1.782971619365609417e-07
1.782971619365609417e-07
1.782971619365609417e-07
1.782971619365609417e-07
1.782971619365609417e-07
1.782971619365609417e-07
7.772954924874791188e-07
7.772954924874791188e-07
7.772954924874791188e-07
7.772954924874791188e-07
7.772954924874791188e-07
7.772954924874791188e-07
7.772954924874791188e-07
7.772954924874791188e-07
7.772954924874791188e-07
7.772954924874791188e-07
7.772954924874791188e-07
7.772954924874791188e-07
6.811352253756259850e-07
6.811352253756259850e-07
6.811352253756259850e-07
6.811352253756259850e-07
6.811352253756259850e-07
6.811352253756259850e-07
6.811352253756259850e-07
6.811352253756259850e-07
6.811352253756259850e-07
6.811352253756259850e-07
6.811352253756259850e-07
1.053756260434056653e-06
1.053756260434056653e-06
1.053756260434056653e-06
1.053756260434056653e-06
1.053756260434056653e-06
1.053756260434056653e-06
6.010016694490817554e-09
6.010016694490817554e-09
6.010016694490817554e-09
2.864774624373956511e-07
2.864774624373956511e-07
2.864774624373956511e-07
2.864774624373956511e-07
2.864774624373956511e-07
2.864774624373956511e-07
2.864774624373956511e-07
1.001669449081803036e-08
1.001669449081803036e-08
1.001669449081803036e-08
1.001669449081803036e-08
1.001669449081803036e-08
1.001669449081803036e-08
1.001669449081803036e-08
5.268781302170283267e-07
5.268781302170283267e-07
5.268781302170283267e-07
5.268781302170283267e-07
5.268781302170283267e-07
5.268781302170283267e-07
1.081803005008347252e-06
1.081803005008347252e-06
1.081803005008347252e-06
1.081803005008347252e-06
1.081803005008347252e-06
1.081803005008347252e-06
1.081803005008347252e-06
1.081803005008347252e-06
1.081803005008347252e-06
1.081803005008347252e-06
1.081803005008347252e-06
1.081803005008347252e-06
3.806343906510851669e-08
3.806343906510851669e-08
3.806343906510851669e-08
3.806343906510851669e-08
3.806343906510851669e-08
3.806343906510851669e-08
3.806343906510851669e-08
3.806343906510851669e-08
3.806343906510851669e-08
3.806343906510851669e-08
3.806343906510851669e-08
7.752921535893154744e-07
7.752921535893154744e-07
7.752921535893154744e-07
7.752921535893154744e-07
7.752921535893154744e-07
7.752921535893154744e-07
7.752921535893154744e-07
7.752921535893154744e-07
7.752921535893154744e-07
2.564273789649415666e-07
2.564273789649415666e-07
2.564273789649415666e-07
2.564273789649415666e-07
2.564273789649415666e-07
2.564273789649415666e-07
2.564273789649415666e-07
2.564273789649415666e-07
2.564273789649415666e-07
2.564273789649415666e-07
2.564273789649415666e-07
5.388981636060099817e-07
5.388981636060099817e-07
5.388981636060099817e-07
5.388981636060099817e-07
5.388981636060099817e-07
5.388981636060099817e-07
5.388981636060099817e-07
5.388981636060099817e-07
5.388981636060099817e-07
5.388981636060099817e-07
5.388981636060099817e-07
5.388981636060099817e-07
5.388981636060099817e-07
5.388981636060099817e-07
5.388981636060099817e-07
5.388981636060099817e-07
5.388981636060099817e-07
5.388981636060099817e-07
5.388981636060099817e-07
5.388981636060099817e-07
5.388981636060099817e-07
5.388981636060099817e-07
5.388981636060099817e-07
5.388981636060099817e-07
5.388981636060099817e-07
5.388981636060099817e-07
5.388981636060099817e-07
5.388981636060099817e-07
5.388981636060099817e-07
5.388981636060099817e-07
5.388981636060099817e-07
5.388981636060099817e-07
5.388981636060099817e-07
5.388981636060099817e-07
5.388981636060099817e-07
5.388981636060099817e-07
5.388981636060099817e-07
5.388981636060099817e-07
5.388981636060099817e-07
5.388981636060099817e-07
5.388981636060099817e-07
5.388981636060099817e-07
5.388981636060099817e-07
5.388981636060099817e-07
5.388981636060099817e-07
5.388981636060099817e-07
5.388981636060099817e-07
5.388981636060099817e-07
5.388981636060099817e-07
5.388981636060099817e-07
5.388981636060099817e-07
5.388981636060099817e-07
5.388981636060099817e-07
5.388981636060099817e-07
5.388981636060099817e-07
5.388981636060099817e-07
5.388981636060099817e-07
5.388981636060099817e-07
5.388981636060099817e-07
5.388981636060099817e-07
5.388981636060099817e-07
5.388981636060099817e-07
5.388981636060099817e-07
5.388981636060099817e-07
5.388981636060099817e-07
5.388981636060099817e-07
5.388981636060099817e-07
5.388981636060099817e-07
5.388981636060099817e-07
5.388981636060099817e-07
5.388981636060099817e-07
5.388981636060099817e-07
5.388981636060099817e-07
5.388981636060099817e-07
5.388981636060099817e-07
5.388981636060099817e-07
5.388981636060099817e-07
5.388981636060099817e-07
5.388981636060099817e-07
5.388981636060099817e-07
5.388981636060099817e-07
5.388981636060099817e-07
5.388981636060099817e-07
5.388981636060099817e-07
5.388981636060099817e-07
5.388981636060099817e-07
5.388981636060099817e-07
5.388981636060099817e-07
5.388981636060099817e-07
5.388981636060099817e-07
5.388981636060099817e-07
5.388981636060099817e-07
5.388981636060099817e-07
5.388981636060099817e-07
5.388981636060099817e-07
5.388981636060099817e-07
5.388981636060099817e-07
5.388981636060099817e-07
5.388981636060099817e-07
5.388981636060099817e-07
5.388981636060099817e-07
5.388981636060099817e-07
5.388981636060099817e-07
5.388981636060099817e-07
5.388981636060099817e-07
5.388981636060099817e-07
5.388981636060099817e-07
5.388981636060099817e-07
5.388981636060099817e-07
5.388981636060099817e-07
5.388981636060099817e-07
5.388981636060099817e-07
5.388981636060099817e-07
5.388981636060099817e-07
5.388981636060099817e-07
5.388981636060099817e-07
5.388981636060099817e-07
5.388981636060099817e-07
5.388981636060099817e-07
5.388981636060099817e-07
5.388981636060099817e-07
5.388981636060099817e-07
5.388981636060099817e-07
5.388981636060099817e-07
5.388981636060099817e-07
5.388981636060099817e-07
5.388981636060099817e-07
5.388981636060099817e-07
5.388981636060099817e-07
5.388981636060099817e-07
5.388981636060099817e-07
5.388981636060099817e-07
5.388981636060099817e-07
5.388981636060099817e-07
5.388981636060099817e-07
5.388981636060099817e-07
5.388981636060099817e-07
5.388981636060099817e-07
5.388981636060099817e-07
5.388981636060099817e-07
5.388981636060099817e-07
5.388981636060099817e-07
5.388981636060099817e-07
5.388981636060099817e-07
5.388981636060099817e-07
5.388981636060099817e-07
5.388981636060099817e-07
5.388981636060099817e-07
5.388981636060099817e-07
5.388981636060099817e-07
5.388981636060099817e-07
5.388981636060099817e-07
5.388981636060099817e-07
5.388981636060099817e-07
5.388981636060099817e-07
5.388981636060099817e-07
5.388981636060099817e-07
5.388981636060099817e-07
5.388981636060099817e-07
5.388981636060099817e-07
5.388981636060099817e-07
5.388981636060099817e-07
5.388981636060099817e-07
5.388981636060099817e-07
5.388981636060099817e-07
5.388981636060099817e-07
5.388981636060099817e-07
5.388981636060099817e-07
5.388981636060099817e-07
5.388981636060099817e-07
5.388981636060099817e-07
5.388981636060099817e-07
5.388981636060099817e-07
5.388981636060099817e-07
5.388981636060099817e-07
5.388981636060099817e-07
5.388981636060099817e-07
5.388981636060099817e-07
5.388981636060099817e-07
5.388981636060099817e-07
5.388981636060099817e-07
5.388981636060099817e-07
5.388981636060099817e-07
5.388981636060099817e-07
5.388981636060099817e-07
5.388981636060099817e-07
5.388981636060099817e-07
5.388981636060099817e-07
5.388981636060099817e-07
5.388981636060099817e-07
5.388981636060099817e-07
5.388981636060099817e-07
5.388981636060099817e-07
5.388981636060099817e-07
5.388981636060099817e-07
5.388981636060099817e-07
5.388981636060099817e-07
5.388981636060099817e-07
5.388981636060099817e-07
5.388981636060099817e-07
5.388981636060099817e-07
5.388981636060099817e-07
5.388981636060099817e-07
5.388981636060099817e-07
5.388981636060099817e-07
5.388981636060099817e-07
5.388981636060099817e-07
5.388981636060099817e-07
5.388981636060099817e-07
5.388981636060099817e-07
5.388981636060099817e-07
5.388981636060099817e-07
5.388981636060099817e-07
5.388981636060099817e-07
5.388981636060099817e-07
5.388981636060099817e-07
5.388981636060099817e-07
5.388981636060099817e-07
5.388981636060099817e-07
5.388981636060099817e-07
5.388981636060099817e-07
5.388981636060099817e-07
5.388981636060099817e-07
5.388981636060099817e-07
5.388981636060099817e-07
5.388981636060099817e-07
5.388981636060099817e-07
5.388981636060099817e-07
5.388981636060099817e-07
5.388981636060099817e-07
5.388981636060099817e-07
5.388981636060099817e-07
5.388981636060099817e-07
5.388981636060099817e-07
5.388981636060099817e-07
5.388981636060099817e-07
5.388981636060099817e-07
5.388981636060099817e-07
5.388981636060099817e-07
5.388981636060099817e-07
5.388981636060099817e-07
5.388981636060099817e-07
5.388981636060099817e-07
5.388981636060099817e-07
5.388981636060099817e-07
5.388981636060099817e-07
5.388981636060099817e-07
5.388981636060099817e-07
5.388981636060099817e-07
5.388981636060099817e-07
5.388981636060099817e-07
5.388981636060099817e-07
5.388981636060099817e-07
5.388981636060099817e-07
5.388981636060099817e-07
5.388981636060099817e-07
5.388981636060099817e-07
5.388981636060099817e-07
5.388981636060099817e-07
5.388981636060099817e-07
5.388981636060099817e-07
5.388981636060099817e-07
5.388981636060099817e-07
5.388981636060099817e-07
5.388981636060099817e-07
5.388981636060099817e-07
5.388981636060099817e-07
5.388981636060099817e-07
5.388981636060099817e-07
5.388981636060099817e-07
5.388981636060099817e-07
6.290484140233722880e-07
8.153589315525876223e-07
6.290484140233722880e-07
8.153589315525876223e-07
6.290484140233722880e-07
8.153589315525876223e-07
6.290484140233722880e-07
8.153589315525876223e-07
6.290484140233722880e-07
8.153589315525876223e-07
6.290484140233722880e-07
8.153589315525876223e-07
6.290484140233722880e-07
8.153589315525876223e-07
6.290484140233722880e-07
8.153589315525876223e-07
6.290484140233722880e-07
8.153589315525876223e-07
6.290484140233722880e-07
8.153589315525876223e-07
6.570951585976627810e-07
6.570951585976627810e-07
6.570951585976627810e-07
6.570951585976627810e-07
6.570951585976627810e-07
6.570951585976627810e-07
6.570951585976627810e-07
6.570951585976627810e-07
6.570951585976627810e-07
8.454090150250417597e-07
8.454090150250417597e-07
8.454090150250417597e-07
8.454090150250417597e-07
8.454090150250417597e-07
8.454090150250417597e-07
8.454090150250417597e-07
8.454090150250417597e-07
5.208681135225375654e-08
5.208681135225375654e-08
5.208681135225375654e-08
5.208681135225375654e-08
5.208681135225375654e-08
5.208681135225375654e-08
5.208681135225375654e-08
5.208681135225375654e-08
5.208681135225375654e-08
5.208681135225375654e-08
5.208681135225375654e-08
7.011686143572620590e-08
7.011686143572620590e-08
7.011686143572620590e-08
7.011686143572620590e-08
7.011686143572620590e-08
7.011686143572620590e-08
7.011686143572620590e-08
7.011686143572620590e-08
7.011686143572620590e-08
4.367278797996661263e-07
4.367278797996661263e-07
4.367278797996661263e-07
4.367278797996661263e-07
4.367278797996661263e-07
4.367278797996661263e-07
4.367278797996661263e-07
4.367278797996661263e-07
4.367278797996661263e-07
4.367278797996661263e-07
4.367278797996661263e-07
4.367278797996661263e-07
4.367278797996661263e-07
4.367278797996661263e-07
4.367278797996661263e-07
4.367278797996661263e-07
4.367278797996661263e-07
4.367278797996661263e-07
4.367278797996661263e-07
4.367278797996661263e-07
4.367278797996661263e-07
4.367278797996661263e-07
4.367278797996661263e-07
4.367278797996661263e-07
4.367278797996661263e-07
4.367278797996661263e-07
4.367278797996661263e-07
4.367278797996661263e-07
4.367278797996661263e-07
4.367278797996661263e-07
4.367278797996661263e-07
4.367278797996661263e-07
4.367278797996661263e-07
4.367278797996661263e-07
4.367278797996661263e-07
4.367278797996661263e-07
4.367278797996661263e-07
4.367278797996661263e-07
4.367278797996661263e-07
4.367278797996661263e-07
4.367278797996661263e-07
4.367278797996661263e-07
4.367278797996661263e-07
4.367278797996661263e-07
4.367278797996661263e-07
4.367278797996661263e-07
4.367278797996661263e-07
4.367278797996661263e-07
4.367278797996661263e-07
4.367278797996661263e-07
4.367278797996661263e-07
4.367278797996661263e-07
4.367278797996661263e-07
4.367278797996661263e-07
4.367278797996661263e-07
4.367278797996661263e-07
4.367278797996661263e-07
4.367278797996661263e-07
4.367278797996661263e-07
4.367278797996661263e-07
4.367278797996661263e-07
4.367278797996661263e-07
4.367278797996661263e-07
4.367278797996661263e-07
4.367278797996661263e-07
4.367278797996661263e-07
4.367278797996661263e-07
4.367278797996661263e-07
4.367278797996661263e-07
4.367278797996661263e-07
4.367278797996661263e-07
4.367278797996661263e-07
4.367278797996661263e-07
4.367278797996661263e-07
4.367278797996661263e-07
4.367278797996661263e-07
4.367278797996661263e-07
4.367278797996661263e-07
4.367278797996661263e-07
4.367278797996661263e-07
4.367278797996661263e-07
4.367278797996661263e-07
4.367278797996661263e-07
4.367278797996661263e-07
4.367278797996661263e-07
4.367278797996661263e-07
4.367278797996661263e-07
4.367278797996661263e-07
4.367278797996661263e-07
4.367278797996661263e-07
4.367278797996661263e-07
4.367278797996661263e-07
4.367278797996661263e-07
4.367278797996661263e-07
4.367278797996661263e-07
4.367278797996661263e-07
4.367278797996661263e-07
4.367278797996661263e-07
4.367278797996661263e-07
4.367278797996661263e-07
4.367278797996661263e-07
4.367278797996661263e-07
4.367278797996661263e-07
4.367278797996661263e-07
4.367278797996661263e-07
4.367278797996661263e-07
4.367278797996661263e-07
4.367278797996661263e-07
4.367278797996661263e-07
4.367278797996661263e-07
4.367278797996661263e-07
4.367278797996661263e-07
4.367278797996661263e-07
4.367278797996661263e-07
4.367278797996661263e-07
4.367278797996661263e-07
4.367278797996661263e-07
4.367278797996661263e-07
4.367278797996661263e-07
4.367278797996661263e-07
4.367278797996661263e-07
4.367278797996661263e-07
4.367278797996661263e-07
4.367278797996661263e-07
4.367278797996661263e-07
4.367278797996661263e-07
4.367278797996661263e-07
4.367278797996661263e-07
4.367278797996661263e-07
4.367278797996661263e-07
4.367278797996661263e-07
4.367278797996661263e-07
4.367278797996661263e-07
4.367278797996661263e-07
4.367278797996661263e-07
4.367278797996661263e-07
4.367278797996661263e-07
4.367278797996661263e-07
4.367278797996661263e-07
4.367278797996661263e-07
4.367278797996661263e-07
4.367278797996661263e-07
4.367278797996661263e-07
4.367278797996661263e-07
4.367278797996661263e-07
4.367278797996661263e-07
4.367278797996661263e-07
4.367278797996661263e-07
4.367278797996661263e-07
4.367278797996661263e-07
4.367278797996661263e-07
4.367278797996661263e-07
4.367278797996661263e-07
4.367278797996661263e-07
4.367278797996661263e-07
4.367278797996661263e-07
4.367278797996661263e-07
4.367278797996661263e-07
4.367278797996661263e-07
4.367278797996661263e-07
4.367278797996661263e-07
4.367278797996661263e-07
4.367278797996661263e-07
4.367278797996661263e-07
4.367278797996661263e-07
4.367278797996661263e-07
4.367278797996661263e-07
4.367278797996661263e-07
4.367278797996661263e-07
4.367278797996661263e-07
4.367278797996661263e-07
4.367278797996661263e-07
4.367278797996661263e-07
4.367278797996661263e-07
4.367278797996661263e-07
4.367278797996661263e-07
4.367278797996661263e-07
4.367278797996661263e-07
4.367278797996661263e-07
4.367278797996661263e-07
4.367278797996661263e-07
4.367278797996661263e-07
4.367278797996661263e-07
4.367278797996661263e-07
4.367278797996661263e-07
4.367278797996661263e-07
4.367278797996661263e-07
4.367278797996661263e-07
4.367278797996661263e-07
4.367278797996661263e-07
4.367278797996661263e-07
4.367278797996661263e-07
4.367278797996661263e-07
4.367278797996661263e-07
4.367278797996661263e-07
4.367278797996661263e-07
4.367278797996661263e-07
4.367278797996661263e-07
4.367278797996661263e-07
4.367278797996661263e-07
4.367278797996661263e-07
4.367278797996661263e-07
4.367278797996661263e-07
4.367278797996661263e-07
4.367278797996661263e-07
4.367278797996661263e-07
4.367278797996661263e-07
4.367278797996661263e-07
4.367278797996661263e-07
4.367278797996661263e-07
4.367278797996661263e-07
4.367278797996661263e-07
4.367278797996661263e-07
4.367278797996661263e-07
4.367278797996661263e-07
4.367278797996661263e-07
4.367278797996661263e-07
4.367278797996661263e-07
4.367278797996661263e-07
4.367278797996661263e-07
4.367278797996661263e-07
4.367278797996661263e-07
4.367278797996661263e-07
4.367278797996661263e-07
4.367278797996661263e-07
4.367278797996661263e-07
4.367278797996661263e-07
4.367278797996661263e-07
4.367278797996661263e-07
4.367278797996661263e-07
4.367278797996661263e-07
4.367278797996661263e-07
4.367278797996661263e-07
4.367278797996661263e-07
4.367278797996661263e-07
4.367278797996661263e-07
4.367278797996661263e-07
4.367278797996661263e-07
4.367278797996661263e-07
4.367278797996661263e-07
4.367278797996661263e-07
4.367278797996661263e-07
4.367278797996661263e-07
4.367278797996661263e-07
4.367278797996661263e-07
4.367278797996661263e-07
4.367278797996661263e-07
4.367278797996661263e-07
4.367278797996661263e-07
4.367278797996661263e-07
4.367278797996661263e-07
4.367278797996661263e-07
4.367278797996661263e-07
4.367278797996661263e-07
4.367278797996661263e-07
4.367278797996661263e-07
4.367278797996661263e-07
4.367278797996661263e-07
4.367278797996661263e-07
4.367278797996661263e-07
4.367278797996661263e-07
4.367278797996661263e-07
4.367278797996661263e-07
4.367278797996661263e-07
4.367278797996661263e-07
4.367278797996661263e-07
4.367278797996661263e-07
4.367278797996661263e-07
4.367278797996661263e-07
4.367278797996661263e-07
4.367278797996661263e-07
4.367278797996661263e-07
4.367278797996661263e-07
4.367278797996661263e-07
4.367278797996661263e-07
4.367278797996661263e-07
4.367278797996661263e-07
4.367278797996661263e-07
4.367278797996661263e-07
4.367278797996661263e-07
4.367278797996661263e-07
4.367278797996661263e-07
4.367278797996661263e-07
4.367278797996661263e-07
4.367278797996661263e-07
4.367278797996661263e-07
4.367278797996661263e-07
4.367278797996661263e-07
4.367278797996661263e-07
4.367278797996661263e-07
4.367278797996661263e-07
4.367278797996661263e-07
4.367278797996661263e-07
4.367278797996661263e-07
4.367278797996661263e-07
4.367278797996661263e-07
4.367278797996661263e-07
4.367278797996661263e-07
4.367278797996661263e-07
4.367278797996661263e-07
4.367278797996661263e-07
8.013355592654424287e-08
8.013355592654424287e-08
8.013355592654424287e-08
8.013355592654424287e-08
8.013355592654424287e-08
8.013355592654424287e-08
8.013355592654424287e-08
8.013355592654424287e-08
8.013355592654424287e-08
8.013355592654424287e-08
8.013355592654424287e-08
8.013355592654424287e-08
8.013355592654424287e-08
8.013355592654424287e-08
8.013355592654424287e-08
9.315525876460767771e-07
9.315525876460767771e-07
9.315525876460767771e-07
9.315525876460767771e-07
9.315525876460767771e-07
9.315525876460767771e-07
9.315525876460767771e-07
9.315525876460767771e-07
9.315525876460767771e-07
9.315525876460767771e-07
9.315525876460767771e-07
9.315525876460767771e-07
5.368948247078464431e-07
5.368948247078464431e-07
5.368948247078464431e-07
5.368948247078464431e-07
5.368948247078464431e-07
5.368948247078464431e-07
5.368948247078464431e-07
5.368948247078464431e-07
5.368948247078464431e-07
5.368948247078464431e-07
5.368948247078464431e-07
5.368948247078464431e-07
5.368948247078464431e-07
1.021702838063438978e-06
1.021702838063438978e-06
1.021702838063438978e-06
1.021702838063438978e-06
1.021702838063438978e-06
1.021702838063438978e-06
1.021702838063438978e-06
1.021702838063438978e-06
1.021702838063438978e-06
1.021702838063438978e-06
1.021702838063438978e-06
1.021702838063438978e-06
1.021702838063438978e-06
1.021702838063438978e-06
1.151919866444073538e-06
1.151919866444073538e-06
1.151919866444073538e-06
1.151919866444073538e-06
1.151919866444073538e-06
1.151919866444073538e-06
1.151919866444073538e-06
1.151919866444073538e-06
1.151919866444073538e-06
1.151919866444073538e-06
1.151919866444073538e-06
1.151919866444073538e-06
3.626043405676126580e-07
3.626043405676126580e-07
3.626043405676126580e-07
3.626043405676126580e-07
3.626043405676126580e-07
3.626043405676126580e-07
3.626043405676126580e-07
3.626043405676126580e-07
3.626043405676126580e-07
4.407345575959933093e-07
4.407345575959933093e-07
4.407345575959933093e-07
4.407345575959933093e-07
4.407345575959933093e-07
4.407345575959933093e-07
4.407345575959933093e-07
4.407345575959933093e-07
4.407345575959933093e-07
7.792988313856427633e-07
7.792988313856427633e-07
7.792988313856427633e-07
7.792988313856427633e-07
7.792988313856427633e-07
7.792988313856427633e-07
7.792988313856427633e-07
7.792988313856427633e-07
7.792988313856427633e-07
7.792988313856427633e-07
7.792988313856427633e-07
7.792988313856427633e-07
7.792988313856427633e-07
1.722871452420701142e-07
1.722871452420701142e-07
1.722871452420701142e-07
1.722871452420701142e-07
1.722871452420701142e-07
1.722871452420701142e-07
1.722871452420701142e-07
1.722871452420701142e-07
1.722871452420701142e-07
1.722871452420701142e-07
1.722871452420701142e-07
1.722871452420701142e-07
2.584307178631051581e-07
1.179966611018363925e-06
2.584307178631051581e-07
1.179966611018363925e-06
2.584307178631051581e-07
1.179966611018363925e-06
2.584307178631051581e-07
1.179966611018363925e-06
2.584307178631051581e-07
1.179966611018363925e-06
2.584307178631051581e-07
1.179966611018363925e-06
2.584307178631051581e-07
1.179966611018363925e-06
2.584307178631051581e-07
1.179966611018363925e-06
2.584307178631051581e-07
1.179966611018363925e-06
2.584307178631051581e-07
1.179966611018363925e-06
2.584307178631051581e-07
1.179966611018363925e-06
2.584307178631051581e-07
1.179966611018363925e-06
9.035058430717862841e-07
9.035058430717862841e-07
9.035058430717862841e-07
9.035058430717862841e-07
9.035058430717862841e-07
9.035058430717862841e-07
9.035058430717862841e-07
9.035058430717862841e-07
9.035058430717862841e-07
9.035058430717862841e-07
9.035058430717862841e-07
9.395659432387312490e-07
9.395659432387312490e-07
9.395659432387312490e-07
9.395659432387312490e-07
9.395659432387312490e-07
9.395659432387312490e-07
9.395659432387312490e-07
9.395659432387312490e-07
9.395659432387312490e-07
9.395659432387312490e-07
9.395659432387312490e-07
9.395659432387312490e-07
9.395659432387312490e-07
9.395659432387312490e-07
5.829716193656093126e-07
5.829716193656093126e-07
5.829716193656093126e-07
5.829716193656093126e-07
5.829716193656093126e-07
5.829716193656093126e-07
5.829716193656093126e-07
5.829716193656093126e-07
5.829716193656093126e-07
5.829716193656093126e-07
5.829716193656093126e-07
1.081803005008347226e-07
1.081803005008347226e-07
1.081803005008347226e-07
1.081803005008347226e-07
1.081803005008347226e-07
1.081803005008347226e-07
1.081803005008347226e-07
1.081803005008347226e-07
1.081803005008347226e-07
1.081803005008347226e-07
1.081803005008347226e-07
1.081803005008347226e-07
1.081803005008347252e-06
1.081803005008347252e-06
1.081803005008347252e-06
1.081803005008347252e-06
1.081803005008347252e-06
1.081803005008347252e-06
1.081803005008347252e-06
1.081803005008347252e-06
1.081803005008347252e-06
1.081803005008347252e-06
1.803005008347245332e-07
1.803005008347245332e-07
1.803005008347245332e-07
1.803005008347245332e-07
1.803005008347245332e-07
1.803005008347245332e-07
1.803005008347245332e-07
1.803005008347245332e-07
1.803005008347245332e-07
1.803005008347245332e-07
1.803005008347245332e-07
1.803005008347245332e-07
1.863105175292153607e-07
1.863105175292153607e-07
1.863105175292153607e-07
1.863105175292153607e-07
1.863105175292153607e-07
1.863105175292153607e-07
9.836393989983305799e-07
9.836393989983305799e-07
9.836393989983305799e-07
9.836393989983305799e-07
9.836393989983305799e-07
9.836393989983305799e-07
9.836393989983305799e-07
9.836393989983305799e-07
9.836393989983305799e-07
9.836393989983305799e-07
9.836393989983305799e-07
9.836393989983305799e-07
7.913188647746244182e-07
7.913188647746244182e-07
7.913188647746244182e-07
7.913188647746244182e-07
7.913188647746244182e-07
7.913188647746244182e-07
7.913188647746244182e-07
7.913188647746244182e-07
7.913188647746244182e-07
7.913188647746244182e-07
7.913188647746244182e-07
5.929883138564273231e-07
5.929883138564273231e-07
5.929883138564273231e-07
5.929883138564273231e-07
5.929883138564273231e-07
5.929883138564273231e-07
5.929883138564273231e-07
5.929883138564273231e-07
5.929883138564273231e-07
5.929883138564273231e-07
5.929883138564273231e-07
5.929883138564273231e-07
9.796327212020032910e-07
9.796327212020032910e-07
9.796327212020032910e-07
9.796327212020032910e-07
9.7963272120200329