5.128547579298831332e-07
8.133555926544240837e-07
5.128547579298831332e-07
8.133555926544240837e-07
5.128547579298831332e-07
8.133555926544240837e-07
5.128547579298831332e-07
8.133555926544240837e-07
5.128547579298831332e-07
8.133555926544240837e-07
5.128547579298831332e-07
8.133555926544240837e-07
5.128547579298831332e-07
8.133555926544240837e-07
5.128547579298831332e-07
8.133555926544240837e-07
5.128547579298831332e-07
8.133555926544240837e-07
5.128547579298831332e-07
8.133555926544240837e-07
5.128547579298831332e-07
8.133555926544240837e-07
5.128547579298831332e-07
8.133555926544240837e-07
5.128547579298831332e-07
8.133555926544240837e-07
5.128547579298831332e-07
8.133555926544240837e-07
6.490818030050083090e-07
6.490818030050083090e-07
6.490818030050083090e-07
6.490818030050083090e-07
6.490818030050083090e-07
6.490818030050083090e-07
6.490818030050083090e-07
6.490818030050083090e-07
6.490818030050083090e-07
6.490818030050083090e-07
6.490818030050083090e-07
8.093489148580967948e-07
8.093489148580967948e-07
8.093489148580967948e-07
8.093489148580967948e-07
8.093489148580967948e-07
8.093489148580967948e-07
8.093489148580967948e-07
8.093489148580967948e-07
6.871452420701168125e-07
6.871452420701168125e-07
6.871452420701168125e-07
6.871452420701168125e-07
6.871452420701168125e-07
6.871452420701168125e-07
6.871452420701168125e-07
6.871452420701168125e-07
6.871452420701168125e-07
6.871452420701168125e-07
6.871452420701168125e-07
6.871452420701168125e-07
6.871452420701168125e-07
1.149916527545909893e-06
1.149916527545909893e-06
1.149916527545909893e-06
1.149916527545909893e-06
1.149916527545909893e-06
1.149916527545909893e-06
1.149916527545909893e-06
1.149916527545909893e-06
1.149916527545909893e-06
4.727879799666110382e-07
4.727879799666110382e-07
4.727879799666110382e-07
4.727879799666110382e-07
4.727879799666110382e-07
4.727879799666110382e-07
4.727879799666110382e-07
4.727879799666110382e-07
4.727879799666110382e-07
6.711185308848079745e-07
6.711185308848079745e-07
6.711185308848079745e-07
6.711185308848079745e-07
6.711185308848079745e-07
6.711185308848079745e-07
6.711185308848079745e-07
6.711185308848079745e-07
6.711185308848079745e-07
6.711185308848079745e-07
6.711185308848079745e-07
6.711185308848079745e-07
6.711185308848079745e-07
1.099833055091819629e-06
1.099833055091819629e-06
1.099833055091819629e-06
1.099833055091819629e-06
1.099833055091819629e-06
1.099833055091819629e-06
1.099833055091819629e-06
1.099833055091819629e-06
1.099833055091819629e-06
1.099833055091819629e-06
1.099833055091819629e-06
1.099833055091819629e-06
1.099833055091819629e-06
1.099833055091819629e-06
1.099833055091819629e-06
6.270450751252086436e-07
6.270450751252086436e-07
6.270450751252086436e-07
6.270450751252086436e-07
6.270450751252086436e-07
6.270450751252086436e-07
6.270450751252086436e-07
6.270450751252086436e-07
6.270450751252086436e-07
6.270450751252086436e-07
6.270450751252086436e-07
6.270450751252086436e-07
6.270450751252086436e-07
6.891485809682804569e-07
6.891485809682804569e-07
6.891485809682804569e-07
6.891485809682804569e-07
6.891485809682804569e-07
6.891485809682804569e-07
6.891485809682804569e-07
6.891485809682804569e-07
3.405676126878129925e-07
3.405676126878129925e-07
3.405676126878129925e-07
3.405676126878129925e-07
3.405676126878129925e-07
3.405676126878129925e-07
3.405676126878129925e-07
3.405676126878129925e-07
3.405676126878129925e-07
3.405676126878129925e-07
3.405676126878129925e-07
3.405676126878129925e-07
9.015025041736226661e-08
9.015025041736226661e-08
9.015025041736226661e-08
9.015025041736226661e-08
9.015025041736226661e-08
9.015025041736226661e-08
9.015025041736226661e-08
9.015025041736226661e-08
9.015025041736226661e-08
9.015025041736226661e-08
9.015025041736226661e-08
9.515859766277127981e-07
9.515859766277127981e-07
9.515859766277127981e-07
9.515859766277127981e-07
9.515859766277127981e-07
9.515859766277127981e-07
9.515859766277127981e-07
9.515859766277127981e-07
9.515859766277127981e-07
9.515859766277127981e-07
9.515859766277127981e-07
9.515859766277127981e-07
9.515859766277127981e-07
9.515859766277127981e-07
6.470784641068447705e-07
6.470784641068447705e-07
6.470784641068447705e-07
6.470784641068447705e-07
6.470784641068447705e-07
6.470784641068447705e-07
6.470784641068447705e-07
6.470784641068447705e-07
6.470784641068447705e-07
6.470784641068447705e-07
6.470784641068447705e-07
6.470784641068447705e-07
9.495826377295492595e-07
9.495826377295492595e-07
9.495826377295492595e-07
9.495826377295492595e-07
9.495826377295492595e-07
9.495826377295492595e-07
9.495826377295492595e-07
9.495826377295492595e-07
9.495826377295492595e-07
9.495826377295492595e-07
9.495826377295492595e-07
9.495826377295492595e-07
8.033388981636059673e-07
8.033388981636059673e-07
8.033388981636059673e-07
8.033388981636059673e-07
8.033388981636059673e-07
8.033388981636059673e-07
8.033388981636059673e-07
8.033388981636059673e-07
8.033388981636059673e-07
8.033388981636059673e-07
8.033388981636059673e-07
8.033388981636059673e-07
8.033388981636059673e-07
8.033388981636059673e-07
2.524207011686143306e-07
2.524207011686143306e-07
2.524207011686143306e-07
2.524207011686143306e-07
2.524207011686143306e-07
2.524207011686143306e-07
2.524207011686143306e-07
2.524207011686143306e-07
2.524207011686143306e-07
2.524207011686143306e-07
2.524207011686143306e-07
2.524207011686143306e-07
2.524207011686143306e-07
2.524207011686143306e-07
2.524207011686143306e-07
6.590984974958263195e-07
6.590984974958263195e-07
6.590984974958263195e-07
6.590984974958263195e-07
6.590984974958263195e-07
6.590984974958263195e-07
6.590984974958263195e-07
6.590984974958263195e-07
9.896494156928213015e-07
9.896494156928213015e-07
9.896494156928213015e-07
9.896494156928213015e-07
9.896494156928213015e-07
9.896494156928213015e-07
9.896494156928213015e-07
9.896494156928213015e-07
9.896494156928213015e-07
9.896494156928213015e-07
9.896494156928213015e-07
8.694490818030049637e-07
8.694490818030049637e-07
8.694490818030049637e-07
8.694490818030049637e-07
8.694490818030049637e-07
8.694490818030049637e-07
8.694490818030049637e-07
8.694490818030049637e-07
8.694490818030049637e-07
8.694490818030049637e-07
8.694490818030049637e-07
8.694490818030049637e-07
1.075792988313856319e-06
1.075792988313856319e-06
1.075792988313856319e-06
1.075792988313856319e-06
1.075792988313856319e-06
1.075792988313856319e-06
1.075792988313856319e-06
1.075792988313856319e-06
1.075792988313856319e-06
1.075792988313856319e-06
1.075792988313856319e-06
1.075792988313856319e-06
1.075792988313856319e-06
6.250417362270451050e-07
6.250417362270451050e-07
6.250417362270451050e-07
6.250417362270451050e-07
6.250417362270451050e-07
6.250417362270451050e-07
6.250417362270451050e-07
6.250417362270451050e-07
6.250417362270451050e-07
6.250417362270451050e-07
6.250417362270451050e-07
6.250417362270451050e-07
6.250417362270451050e-07
6.250417362270451050e-07
6.250417362270451050e-07
5.729549248747913021e-07
5.729549248747913021e-07
5.729549248747913021e-07
5.729549248747913021e-07
5.729549248747913021e-07
5.729549248747913021e-07
5.729549248747913021e-07
5.729549248747913021e-07
5.729549248747913021e-07
5.729549248747913021e-07
5.729549248747913021e-07
5.729549248747913021e-07
5.729549248747913021e-07
6.150250417362269886e-07
6.150250417362269886e-07
6.150250417362269886e-07
6.150250417362269886e-07
6.150250417362269886e-07
6.150250417362269886e-07
6.150250417362269886e-07
6.150250417362269886e-07
2.223706176961602726e-07
2.223706176961602726e-07
2.223706176961602726e-07
2.223706176961602726e-07
2.223706176961602726e-07
2.223706176961602726e-07
2.223706176961602726e-07
2.223706176961602726e-07
2.223706176961602726e-07
2.223706176961602726e-07
2.223706176961602726e-07
2.223706176961602726e-07
9.916527545909849460e-07
9.916527545909849460e-07
9.916527545909849460e-07
9.916527545909849460e-07
9.916527545909849460e-07
9.916527545909849460e-07
9.916527545909849460e-07
9.916527545909849460e-07
9.916527545909849460e-07
9.916527545909849460e-07
9.916527545909849460e-07
9.916527545909849460e-07
4.607679465776293568e-08
4.607679465776293568e-08
4.607679465776293568e-08
4.607679465776293568e-08
4.607679465776293568e-08
4.607679465776293568e-08
4.607679465776293568e-08
4.607679465776293568e-08
2.744574290484139961e-07
2.744574290484139961e-07
2.744574290484139961e-07
2.744574290484139961e-07
2.744574290484139961e-07
2.744574290484139961e-07
2.744574290484139961e-07
2.744574290484139961e-07
2.744574290484139961e-07
2.744574290484139961e-07
2.744574290484139961e-07
2.744574290484139961e-07
2.744574290484139961e-07
2.744574290484139961e-07
1.057762938230383942e-06
1.057762938230383942e-06
1.057762938230383942e-06
1.057762938230383942e-06
1.057762938230383942e-06
1.057762938230383942e-06
1.057762938230383942e-06
1.057762938230383942e-06
1.057762938230383942e-06
1.057762938230383942e-06
1.057762938230383942e-06
4.687813021702838023e-07
4.687813021702838023e-07
4.687813021702838023e-07
4.687813021702838023e-07
4.687813021702838023e-07
4.687813021702838023e-07
4.687813021702838023e-07
4.687813021702838023e-07
4.687813021702838023e-07
4.687813021702838023e-07
4.687813021702838023e-07
4.687813021702838023e-07
5.809682804674457079e-08
5.809682804674457079e-08
5.809682804674457079e-08
5.809682804674457079e-08
5.809682804674457079e-08
5.809682804674457079e-08
5.809682804674457079e-08
5.809682804674457079e-08
5.809682804674457079e-08
5.809682804674457079e-08
5.809682804674457079e-08
4.367278797996661263e-07
4.367278797996661263e-07
4.367278797996661263e-07
4.367278797996661263e-07
4.367278797996661263e-07
4.367278797996661263e-07
9.175292153589315835e-07
9.175292153589315835e-07
9.175292153589315835e-07
9.175292153589315835e-07
9.175292153589315835e-07
9.175292153589315835e-07
9.175292153589315835e-07
9.175292153589315835e-07
9.175292153589315835e-07
9.175292153589315835e-07
9.175292153589315835e-07
9.175292153589315835e-07
9.175292153589315835e-07
9.175292153589315835e-07
2.724540901502504046e-07
2.724540901502504046e-07
2.724540901502504046e-07
2.724540901502504046e-07
2.724540901502504046e-07
2.724540901502504046e-07
2.724540901502504046e-07
2.724540901502504046e-07
4.527545909849749643e-07
4.527545909849749643e-07
4.527545909849749643e-07
4.527545909849749643e-07
4.527545909849749643e-07
4.527545909849749643e-07
4.527545909849749643e-07
4.527545909849749643e-07
4.527545909849749643e-07
4.527545909849749643e-07
4.527545909849749643e-07
4.527545909849749643e-07
4.527545909849749643e-07
2.824707846410684680e-07
2.824707846410684680e-07
2.824707846410684680e-07
2.824707846410684680e-07
2.824707846410684680e-07
2.824707846410684680e-07
2.824707846410684680e-07
2.824707846410684680e-07
2.824707846410684680e-07
2.824707846410684680e-07
2.824707846410684680e-07
1.103839732888146918e-06
1.103839732888146918e-06
1.103839732888146918e-06
1.103839732888146918e-06
1.103839732888146918e-06
1.103839732888146918e-06
1.103839732888146918e-06
1.103839732888146918e-06
1.103839732888146918e-06
1.103839732888146918e-06
1.103839732888146918e-06
9.816360601001669884e-08
9.816360601001669884e-08
9.816360601001669884e-08
9.816360601001669884e-08
9.816360601001669884e-08
9.816360601001669884e-08
9.816360601001669884e-08
9.816360601001669884e-08
9.816360601001669884e-08
1.043739565943238643e-06
1.043739565943238643e-06
1.043739565943238643e-06
1.043739565943238643e-06
1.043739565943238643e-06
1.043739565943238643e-06
1.043739565943238643e-06
1.043739565943238643e-06
1.043739565943238643e-06
1.043739565943238643e-06
1.043739565943238643e-06
1.043739565943238643e-06
4.727879799666110382e-07
4.727879799666110382e-07
4.727879799666110382e-07
9.255425709515859496e-07
9.255425709515859496e-07
9.255425709515859496e-07
9.255425709515859496e-07
9.255425709515859496e-07
9.255425709515859496e-07
9.255425709515859496e-07
9.255425709515859496e-07
9.255425709515859496e-07
1.095826377295492552e-06
1.095826377295492552e-06
1.095826377295492552e-06
1.095826377295492552e-06
1.095826377295492552e-06
1.095826377295492552e-06
1.095826377295492552e-06
1.095826377295492552e-06
1.095826377295492552e-06
1.095826377295492552e-06
8.994991652754591011e-07
8.994991652754591011e-07
8.994991652754591011e-07
8.994991652754591011e-07
8.994991652754591011e-07
8.994991652754591011e-07
8.994991652754591011e-07
8.994991652754591011e-07
8.994991652754591011e-07
8.994991652754591011e-07
8.994991652754591011e-07
8.994991652754591011e-07
8.994991652754591011e-07
1.119866444073455650e-06
1.119866444073455650e-06
1.119866444073455650e-06
1.119866444073455650e-06
1.119866444073455650e-06
1.119866444073455650e-06
1.119866444073455650e-06
1.119866444073455650e-06
1.119866444073455650e-06
7.031719532554256505e-07
7.031719532554256505e-07
7.031719532554256505e-07
7.031719532554256505e-07
7.031719532554256505e-07
7.031719532554256505e-07
7.031719532554256505e-07
7.031719532554256505e-07
7.031719532554256505e-07
7.031719532554256505e-07
9.075125208681134672e-07
9.075125208681134672e-07
9.075125208681134672e-07
9.075125208681134672e-07
9.075125208681134672e-07
9.075125208681134672e-07
9.075125208681134672e-07
9.075125208681134672e-07
9.075125208681134672e-07
9.075125208681134672e-07
7.232053422370617774e-07
7.232053422370617774e-07
7.232053422370617774e-07
7.232053422370617774e-07
7.232053422370617774e-07
7.232053422370617774e-07
7.232053422370617774e-07
7.232053422370617774e-07
7.232053422370617774e-07
7.232053422370617774e-07
7.232053422370617774e-07
7.232053422370617774e-07
5.589315525876461086e-07
5.589315525876461086e-07
5.589315525876461086e-07
5.589315525876461086e-07
5.589315525876461086e-07
5.589315525876461086e-07
5.589315525876461086e-07
5.589315525876461086e-07
5.589315525876461086e-07
5.589315525876461086e-07
5.589315525876461086e-07
5.589315525876461086e-07
5.589315525876461086e-07
9.776293823038396466e-07
9.776293823038396466e-07
9.776293823038396466e-07
9.776293823038396466e-07
9.776293823038396466e-07
9.776293823038396466e-07
9.776293823038396466e-07
9.776293823038396466e-07
9.776293823038396466e-07
9.776293823038396466e-07
9.776293823038396466e-07
9.776293823038396466e-07
9.776293823038396466e-07
1.342237061769616108e-07
1.342237061769616108e-07
1.342237061769616108e-07
1.342237061769616108e-07
1.342237061769616108e-07
1.342237061769616108e-07
1.342237061769616108e-07
1.342237061769616108e-07
6.030050083472454395e-07
1.111853088480801284e-06
6.030050083472454395e-07
1.111853088480801284e-06
6.030050083472454395e-07
1.111853088480801284e-06
6.030050083472454395e-07
1.111853088480801284e-06
6.030050083472454395e-07
1.111853088480801284e-06
6.030050083472454395e-07
1.111853088480801284e-06
6.030050083472454395e-07
1.111853088480801284e-06
6.030050083472454395e-07
1.111853088480801284e-06
6.030050083472454395e-07
1.111853088480801284e-06
6.030050083472454395e-07
1.111853088480801284e-06
6.030050083472454395e-07
1.111853088480801284e-06
2.724540901502504046e-07
2.724540901502504046e-07
2.724540901502504046e-07
2.724540901502504046e-07
2.724540901502504046e-07
2.724540901502504046e-07
2.724540901502504046e-07
2.724540901502504046e-07
2.724540901502504046e-07
2.724540901502504046e-07
2.724540901502504046e-07
3.666110183639398939e-07
3.666110183639398939e-07
3.666110183639398939e-07
3.666110183639398939e-07
3.666110183639398939e-07
3.666110183639398939e-07
3.666110183639398939e-07
4.146911519198664608e-07
4.146911519198664608e-07
4.146911519198664608e-07
4.146911519198664608e-07
4.146911519198664608e-07
4.146911519198664608e-07
4.146911519198664608e-07
4.146911519198664608e-07
4.146911519198664608e-07
1.135893155258764594e-06
1.135893155258764594e-06
1.135893155258764594e-06
1.135893155258764594e-06
1.135893155258764594e-06
1.135893155258764594e-06
1.135893155258764594e-06
1.135893155258764594e-06
1.135893155258764594e-06
1.135893155258764594e-06
1.135893155258764594e-06
1.135893155258764594e-06
1.135893155258764594e-06
1.077796327212019963e-06
1.077796327212019963e-06
1.077796327212019963e-06
1.077796327212019963e-06
1.077796327212019963e-06
1.077796327212019963e-06
1.077796327212019963e-06
1.077796327212019963e-06
1.077796327212019963e-06
1.077796327212019963e-06
1.077796327212019963e-06
1.077796327212019963e-06
1.077796327212019963e-06
1.077796327212019963e-06
1.001669449081803036e-08
1.001669449081803036e-08
1.001669449081803036e-08
7.171953255425709499e-07
7.171953255425709499e-07
7.171953255425709499e-07
7.171953255425709499e-07
7.171953255425709499e-07
7.171953255425709499e-07
8.614357262103505976e-07
8.614357262103505976e-07
8.614357262103505976e-07
8.614357262103505976e-07
8.614357262103505976e-07
8.614357262103505976e-07
8.614357262103505976e-07
8.614357262103505976e-07
8.614357262103505976e-07
4.868113522537562847e-07
4.868113522537562847e-07
4.868113522537562847e-07
4.868113522537562847e-07
4.868113522537562847e-07
4.868113522537562847e-07
4.868113522537562847e-07
4.868113522537562847e-07
4.868113522537562847e-07
4.868113522537562847e-07
4.868113522537562847e-07
4.868113522537562847e-07
4.868113522537562847e-07
7.312186978297161434e-07
7.312186978297161434e-07
7.312186978297161434e-07
7.312186978297161434e-07
7.312186978297161434e-07
7.312186978297161434e-07
7.312186978297161434e-07
7.312186978297161434e-07
7.312186978297161434e-07
7.312186978297161434e-07
7.312186978297161434e-07
7.312186978297161434e-07
4.587646076794657918e-07
4.587646076794657918e-07
4.587646076794657918e-07
4.587646076794657918e-07
4.587646076794657918e-07
4.587646076794657918e-07
4.587646076794657918e-07
1.175959933222036636e-06
1.175959933222036636e-06
1.175959933222036636e-06
1.175959933222036636e-06
1.175959933222036636e-06
1.175959933222036636e-06
1.175959933222036636e-06
1.175959933222036636e-06
1.175959933222036636e-06
1.175959933222036636e-06
1.175959933222036636e-06
1.175959933222036636e-06
1.175959933222036636e-06
1.175959933222036636e-06
1.131886477462437305e-06
1.131886477462437305e-06
1.131886477462437305e-06
1.131886477462437305e-06
1.131886477462437305e-06
1.131886477462437305e-06
1.131886477462437305e-06
1.131886477462437305e-06
1.131886477462437305e-06
1.131886477462437305e-06
1.131886477462437305e-06
1.131886477462437305e-06
1.131886477462437305e-06
1.131886477462437305e-06
9.876460767946576571e-07
9.876460767946576571e-07
9.876460767946576571e-07
9.876460767946576571e-07
9.876460767946576571e-07
9.876460767946576571e-07
9.876460767946576571e-07
9.876460767946576571e-07
4.367278797996661263e-07
4.367278797996661263e-07
4.367278797996661263e-07
4.367278797996661263e-07
4.367278797996661263e-07
4.367278797996661263e-07
4.367278797996661263e-07
1.011686143572620967e-06
1.011686143572620967e-06
1.011686143572620967e-06
1.011686143572620967e-06
1.011686143572620967e-06
1.011686143572620967e-06
1.011686143572620967e-06
1.011686143572620967e-06
9.555926544240399811e-07
9.555926544240399811e-07
9.555926544240399811e-07
9.555926544240399811e-07
9.555926544240399811e-07
9.555926544240399811e-07
9.555926544240399811e-07
9.555926544240399811e-07
9.555926544240399811e-07
9.555926544240399811e-07
9.555926544240399811e-07
9.555926544240399811e-07
9.555926544240399811e-07
9.555926544240399811e-07
7.672787979966611083e-07
7.672787979966611083e-07
7.672787979966611083e-07
7.672787979966611083e-07
7.672787979966611083e-07
7.672787979966611083e-07
7.672787979966611083e-07
7.672787979966611083e-07
7.672787979966611083e-07
7.672787979966611083e-07
7.672787979966611083e-07
7.672787979966611083e-07
7.672787979966611083e-07
7.672787979966611083e-07
7.672787979966611083e-07
7.672787979966611083e-07
7.672787979966611083e-07
7.672787979966611083e-07
7.672787979966611083e-07
7.672787979966611083e-07
7.672787979966611083e-07
7.672787979966611083e-07
7.672787979966611083e-07
7.672787979966611083e-07
7.672787979966611083e-07
7.672787979966611083e-07
7.672787979966611083e-07
7.672787979966611083e-07
7.672787979966611083e-07
7.672787979966611083e-07
7.672787979966611083e-07
7.672787979966611083e-07
7.672787979966611083e-07
7.672787979966611083e-07
7.672787979966611083e-07
7.672787979966611083e-07
7.672787979966611083e-07
7.672787979966611083e-07
7.672787979966611083e-07
7.672787979966611083e-07
7.672787979966611083e-07
7.672787979966611083e-07
7.672787979966611083e-07
7.672787979966611083e-07
7.672787979966611083e-07
7.672787979966611083e-07
7.672787979966611083e-07
7.672787979966611083e-07
7.672787979966611083e-07
7.672787979966611083e-07
7.672787979966611083e-07
7.672787979966611083e-07
7.672787979966611083e-07
7.672787979966611083e-07
7.672787979966611083e-07
7.672787979966611083e-07
7.672787979966611083e-07
7.672787979966611083e-07
7.672787979966611083e-07
7.672787979966611083e-07
7.672787979966611083e-07
7.672787979966611083e-07
7.672787979966611083e-07
7.672787979966611083e-07
7.672787979966611083e-07
7.672787979966611083e-07
7.672787979966611083e-07
7.672787979966611083e-07
7.672787979966611083e-07
7.672787979966611083e-07
7.672787979966611083e-07
7.672787979966611083e-07
7.672787979966611083e-07
7.672787979966611083e-07
7.672787979966611083e-07
7.672787979966611083e-07
7.672787979966611083e-07
7.672787979966611083e-07
7.672787979966611083e-07
7.672787979966611083e-07
7.672787979966611083e-07
7.672787979966611083e-07
7.672787979966611083e-07
7.672787979966611083e-07
7.672787979966611083e-07
7.672787979966611083e-07
7.672787979966611083e-07
7.672787979966611083e-07
7.672787979966611083e-07
7.672787979966611083e-07
7.672787979966611083e-07
7.672787979966611083e-07
7.672787979966611083e-07
7.672787979966611083e-07
7.672787979966611083e-07
7.672787979966611083e-07
7.672787979966611083e-07
7.672787979966611083e-07
7.672787979966611083e-07
7.672787979966611083e-07
7.672787979966611083e-07
7.672787979966611083e-07
7.672787979966611083e-07
7.672787979966611083e-07
7.672787979966611083e-07
7.672787979966611083e-07
7.672787979966611083e-07
7.672787979966611083e-07
7.672787979966611083e-07
7.672787979966611083e-07
7.672787979966611083e-07
7.672787979966611083e-07
7.672787979966611083e-07
7.672787979966611083e-07
7.672787979966611083e-07
7.672787979966611083e-07
7.672787979966611083e-07
7.672787979966611083e-07
7.672787979966611083e-07
7.672787979966611083e-07
7.672787979966611083e-07
7.672787979966611083e-07
7.672787979966611083e-07
7.672787979966611083e-07
7.672787979966611083e-07
7.672787979966611083e-07
7.672787979966611083e-07
7.672787979966611083e-07
7.672787979966611083e-07
7.672787979966611083e-07
7.672787979966611083e-07
7.672787979966611083e-07
7.672787979966611083e-07
7.672787979966611083e-07
7.672787979966611083e-07
7.672787979966611083e-07
7.672787979966611083e-07
7.672787979966611083e-07
7.672787979966611083e-07
7.672787979966611083e-07
7.672787979966611083e-07
7.672787979966611083e-07
7.672787979966611083e-07
7.672787979966611083e-07
7.672787979966611083e-07
7.672787979966611083e-07
7.672787979966611083e-07
7.672787979966611083e-07
7.672787979966611083e-07
7.672787979966611083e-07
7.672787979966611083e-07
7.672787979966611083e-07
7.672787979966611083e-07
7.672787979966611083e-07
7.672787979966611083e-07
7.672787979966611083e-07
7.672787979966611083e-07
7.672787979966611083e-07
7.672787979966611083e-07
7.672787979966611083e-07
7.672787979966611083e-07
7.672787979966611083e-07
7.672787979966611083e-07
7.672787979966611083e-07
7.672787979966611083e-07
7.672787979966611083e-07
7.672787979966611083e-07
7.672787979966611083e-07
7.672787979966611083e-07
7.672787979966611083e-07
7.672787979966611083e-07
7.672787979966611083e-07
7.672787979966611083e-07
7.672787979966611083e-07
7.672787979966611083e-07
7.672787979966611083e-07
7.672787979966611083e-07
7.672787979966611083e-07
7.672787979966611083e-07
7.672787979966611083e-07
7.672787979966611083e-07
7.672787979966611083e-07
7.672787979966611083e-07
7.672787979966611083e-07
7.672787979966611083e-07
7.672787979966611083e-07
7.672787979966611083e-07
7.672787979966611083e-07
7.672787979966611083e-07
7.672787979966611083e-07
7.672787979966611083e-07
7.672787979966611083e-07
7.672787979966611083e-07
7.672787979966611083e-07
7.672787979966611083e-07
7.672787979966611083e-07
7.672787979966611083e-07
7.672787979966611083e-07
7.672787979966611083e-07
7.672787979966611083e-07
7.672787979966611083e-07
7.672787979966611083e-07
7.672787979966611083e-07
7.672787979966611083e-07
7.672787979966611083e-07
7.672787979966611083e-07
7.672787979966611083e-07
7.672787979966611083e-07
7.672787979966611083e-07
7.672787979966611083e-07
7.672787979966611083e-07
7.672787979966611083e-07
7.672787979966611083e-07
7.672787979966611083e-07
7.672787979966611083e-07
7.672787979966611083e-07
7.672787979966611083e-07
7.672787979966611083e-07
7.672787979966611083e-07
7.672787979966611083e-07
7.672787979966611083e-07
7.672787979966611083e-07
7.672787979966611083e-07
7.672787979966611083e-07
7.672787979966611083e-07
7.672787979966611083e-07
7.672787979966611083e-07
7.672787979966611083e-07
7.672787979966611083e-07
7.672787979966611083e-07
7.672787979966611083e-07
7.672787979966611083e-07
7.672787979966611083e-07
7.672787979966611083e-07
7.672787979966611083e-07
7.672787979966611083e-07
7.672787979966611083e-07
7.672787979966611083e-07
7.672787979966611083e-07
7.672787979966611083e-07
7.672787979966611083e-07
7.672787979966611083e-07
7.672787979966611083e-07
7.672787979966611083e-07
7.672787979966611083e-07
7.672787979966611083e-07
7.672787979966611083e-07
7.672787979966611083e-07
7.672787979966611083e-07
7.672787979966611083e-07
7.672787979966611083e-07
7.672787979966611083e-07
1.039732888146911566e-06
1.039732888146911566e-06
1.039732888146911566e-06
1.039732888146911566e-06
1.039732888146911566e-06
1.039732888146911566e-06
1.039732888146911566e-06
1.039732888146911566e-06
1.039732888146911566e-06
1.039732888146911566e-06
1.039732888146911566e-06
1.039732888146911566e-06
1.039732888146911566e-06
1.039732888146911566e-06
1.039732888146911566e-06
1.039732888146911566e-06
5.268781302170283267e-07
5.268781302170283267e-07
5.268781302170283267e-07
5.268781302170283267e-07
5.268781302170283267e-07
5.268781302170283267e-07
5.268781302170283267e-07
5.268781302170283267e-07
5.268781302170283267e-07
5.268781302170283267e-07
5.268781302170283267e-07
5.268781302170283267e-07
5.268781302170283267e-07
5.809682804674457079e-08
5.809682804674457079e-08
5.809682804674457079e-08
5.809682804674457079e-08
5.809682804674457079e-08
5.809682804674457079e-08
5.809682804674457079e-08
5.809682804674457079e-08
5.809682804674457079e-08
5.809682804674457079e-08
5.809682804674457079e-08
5.809682804674457079e-08
5.809682804674457079e-08
5.809682804674457079e-08
1.061769616026711231e-06
1.061769616026711231e-06
1.061769616026711231e-06
1.061769616026711231e-06
1.061769616026711231e-06
1.061769616026711231e-06
1.061769616026711231e-06
4.026711185308848059e-07
4.026711185308848059e-07
4.026711185308848059e-07
4.026711185308848059e-07
4.026711185308848059e-07
4.026711185308848059e-07
4.026711185308848059e-07
4.026711185308848059e-07
4.026711185308848059e-07
1.043739565943238643e-06
1.043739565943238643e-06
1.043739565943238643e-06
1.043739565943238643e-06
1.043739565943238643e-06
1.043739565943238643e-06
1.043739565943238643e-06
1.043739565943238643e-06
1.043739565943238643e-06
1.043739565943238643e-06
1.043739565943238643e-06
4.327212020033388903e-07
4.327212020033388903e-07
4.327212020033388903e-07
4.327212020033388903e-07
4.327212020033388903e-07
4.327212020033388903e-07
4.327212020033388903e-07
4.327212020033388903e-07
4.327212020033388903e-07
2.363939899833055191e-07
2.363939899833055191e-07
2.363939899833055191e-07
2.363939899833055191e-07
2.363939899833055191e-07
2.363939899833055191e-07
2.363939899833055191e-07
2.363939899833055191e-07
2.363939899833055191e-07
2.363939899833055191e-07
2.363939899833055191e-07
2.363939899833055191e-07
2.363939899833055191e-07
2.363939899833055191e-07
7.652754590984974638e-07
7.652754590984974638e-07
7.652754590984974638e-07
7.652754590984974638e-07
7.652754590984974638e-07
7.652754590984974638e-07
7.652754590984974638e-07
7.652754590984974638e-07
7.652754590984974638e-07
7.652754590984974638e-07
7.652754590984974638e-07
7.652754590984974638e-07
2.524207011686143306e-07
2.524207011686143306e-07
2.524207011686143306e-07
2.524207011686143306e-07
2.524207011686143306e-07
2.524207011686143306e-07
2.524207011686143306e-07
2.524207011686143306e-07
2.524207011686143306e-07
2.524207011686143306e-07
2.524207011686143306e-07
2.223706176961602726e-07
2.223706176961602726e-07
2.223706176961602726e-07
2.223706176961602726e-07
2.223706176961602726e-07
2.223706176961602726e-07
8.634390651085141362e-07
8.634390651085141362e-07
8.634390651085141362e-07
8.634390651085141362e-07
8.634390651085141362e-07
8.634390651085141362e-07
8.634390651085141362e-07
8.634390651085141362e-07
8.634390651085141362e-07
8.634390651085141362e-07
4.006677796327212144e-07
4.006677796327212144e-07
4.006677796327212144e-07
4.006677796327212144e-07
4.006677796327212144e-07
4.006677796327212144e-07
4.006677796327212144e-07
4.006677796327212144e-07
4.006677796327212144e-07
4.006677796327212144e-07
4.006677796327212144e-07
4.006677796327212144e-07
4.006677796327212144e-07
1.107846410684474207e-06
1.107846410684474207e-06
1.107846410684474207e-06
1.107846410684474207e-06
1.107846410684474207e-06
1.107846410684474207e-06
1.107846410684474207e-06
1.107846410684474207e-06
9.916527545909849460e-07
9.916527545909849460e-07
9.916527545909849460e-07
9.916527545909849460e-07
9.916527545909849460e-07
9.916527545909849460e-07
9.916527545909849460e-07
9.916527545909849460e-07
9.916527545909849460e-07
9.916527545909849460e-07
5.629382303839732916e-07
5.629382303839732916e-07
5.629382303839732916e-07
5.629382303839732916e-07
5.629382303839732916e-07
5.629382303839732916e-07
5.629382303839732916e-07
5.629382303839732916e-07
5.629382303839732916e-07
5.629382303839732916e-07
5.629382303839732916e-07
5.629382303839732916e-07
5.629382303839732916e-07
5.629382303839732916e-07
5.208681135225375654e-08
5.208681135225375654e-08
5.208681135225375654e-08
5.208681135225375654e-08
5.208681135225375654e-08
5.208681135225375654e-08
5.208681135225375654e-08
5.208681135225375654e-08
5.208681135225375654e-08
4.247078464106844713e-07
4.247078464106844713e-07
4.247078464106844713e-07
4.247078464106844713e-07
4.247078464106844713e-07
4.247078464106844713e-07
4.247078464106844713e-07
4.247078464106844713e-07
4.247078464106844713e-07
4.247078464106844713e-07
4.247078464106844713e-07
4.247078464106844713e-07
4.247078464106844713e-07
1.005676126878130245e-06
1.005676126878130245e-06
1.005676126878130245e-06
1.005676126878130245e-06
1.005676126878130245e-06
4.667779632721202108e-07
4.667779632721202108e-07
4.667779632721202108e-07
4.667779632721202108e-07
4.667779632721202108e-07
4.667779632721202108e-07
4.667779632721202108e-07
4.667779632721202108e-07
2.404006677796327286e-07
2.404006677796327286e-07
2.404006677796327286e-07
2.404006677796327286e-07
2.404006677796327286e-07
1.081803005008347252e-06
1.081803005008347252e-06
1.081803005008347252e-06
1.081803005008347252e-06
1.081803005008347252e-06
1.081803005008347252e-06
1.081803005008347252e-06
1.081803005008347252e-06
1.081803005008347252e-06
1.081803005008347252e-06
1.081803005008347252e-06
1.189983305509181935e-06
1.189983305509181935e-06
1.189983305509181935e-06
1.189983305509181935e-06
1.189983305509181935e-06
1.189983305509181935e-06
1.189983305509181935e-06
1.189983305509181935e-06
1.189983305509181935e-06
1.189983305509181935e-06
1.189983305509181935e-06
1.189983305509181935e-06
1.189983305509181935e-06
1.189983305509181935e-06
7.392320534223706154e-07
7.392320534223706154e-07
7.392320534223706154e-07
7.392320534223706154e-07
7.392320534223706154e-07
7.392320534223706154e-07
7.392320534223706154e-07
7.392320534223706154e-07
7.392320534223706154e-07
7.392320534223706154e-07
7.392320534223706154e-07
2.804674457429048302e-08
2.804674457429048302e-08
2.804674457429048302e-08
2.804674457429048302e-08
2.804674457429048302e-08
2.804674457429048302e-08
2.804674457429048302e-08
2.804674457429048302e-08
2.804674457429048302e-08
2.804674457429048302e-08
2.804674457429048302e-08
2.804674457429048302e-08
5.609348914858096604e-08
5.609348914858096604e-08
5.609348914858096604e-08
5.609348914858096604e-08
5.609348914858096604e-08
5.609348914858096604e-08
5.609348914858096604e-08
5.609348914858096604e-08
5.609348914858096604e-08
8.794657762938230801e-07
8.794657762938230801e-07
8.794657762938230801e-07
8.794657762938230801e-07
8.794657762938230801e-07
8.794657762938230801e-07
8.794657762938230801e-07
8.794657762938230801e-07
8.794657762938230801e-07
8.794657762938230801e-07
8.794657762938230801e-07
8.794657762938230801e-07
8.794657762938230801e-07
8.794657762938230801e-07
8.894824707846410906e-07
8.894824707846410906e-07
8.894824707846410906e-07
8.894824707846410906e-07
8.894824707846410906e-07
8.894824707846410906e-07
8.894824707846410906e-07
8.894824707846410906e-07
8.8948247078464109