7.332220367278797879e-07
7.332220367278797879e-07
7.332220367278797879e-07
7.332220367278797879e-07
7.332220367278797879e-07
7.332220367278797879e-07
7.332220367278797879e-07
7.332220367278797879e-07
7.332220367278797879e-07
7.332220367278797879e-07
7.332220367278797879e-07
7.332220367278797879e-07
7.332220367278797879e-07
7.332220367278797879e-07
2.904841402337228870e-07
2.904841402337228870e-07
2.904841402337228870e-07
2.904841402337228870e-07
2.904841402337228870e-07
2.904841402337228870e-07
2.904841402337228870e-07
1.843071786310517427e-07
1.843071786310517427e-07
1.843071786310517427e-07
1.843071786310517427e-07
1.843071786310517427e-07
1.843071786310517427e-07
1.843071786310517427e-07
1.843071786310517427e-07
1.843071786310517427e-07
1.843071786310517427e-07
1.843071786310517427e-07
1.843071786310517427e-07
1.843071786310517427e-07
1.843071786310517427e-07
8.133555926544240837e-07
8.133555926544240837e-07
8.133555926544240837e-07
8.133555926544240837e-07
8.133555926544240837e-07
8.133555926544240837e-07
8.133555926544240837e-07
8.133555926544240837e-07
8.133555926544240837e-07
2.844741235392320596e-07
2.844741235392320596e-07
2.844741235392320596e-07
2.844741235392320596e-07
2.844741235392320596e-07
2.844741235392320596e-07
2.844741235392320596e-07
2.844741235392320596e-07
2.844741235392320596e-07
2.844741235392320596e-07
2.844741235392320596e-07
2.844741235392320596e-07
2.844741235392320596e-07
2.844741235392320596e-07
2.944908180300500701e-07
2.944908180300500701e-07
2.944908180300500701e-07
2.944908180300500701e-07
2.944908180300500701e-07
2.944908180300500701e-07
2.944908180300500701e-07
2.944908180300500701e-07
2.944908180300500701e-07
2.944908180300500701e-07
2.944908180300500701e-07
2.944908180300500701e-07
7.212020033388981329e-07
7.212020033388981329e-07
7.212020033388981329e-07
7.212020033388981329e-07
7.212020033388981329e-07
7.212020033388981329e-07
7.212020033388981329e-07
7.212020033388981329e-07
7.212020033388981329e-07
7.212020033388981329e-07
7.212020033388981329e-07
7.212020033388981329e-07
7.212020033388981329e-07
7.212020033388981329e-07
1.177963272120200280e-06
1.177963272120200280e-06
1.177963272120200280e-06
1.177963272120200280e-06
1.177963272120200280e-06
1.177963272120200280e-06
1.177963272120200280e-06
1.177963272120200280e-06
1.177963272120200280e-06
1.177963272120200280e-06
1.177963272120200280e-06
9.055091819699499286e-07
9.055091819699499286e-07
9.055091819699499286e-07
9.055091819699499286e-07
9.055091819699499286e-07
9.055091819699499286e-07
9.055091819699499286e-07
9.055091819699499286e-07
9.055091819699499286e-07
9.055091819699499286e-07
9.055091819699499286e-07
9.055091819699499286e-07
4.146911519198664608e-07
4.146911519198664608e-07
4.146911519198664608e-07
4.146911519198664608e-07
4.146911519198664608e-07
4.146911519198664608e-07
4.146911519198664608e-07
4.146911519198664608e-07
4.146911519198664608e-07
4.146911519198664608e-07
4.146911519198664608e-07
3.045075125208681335e-07
3.045075125208681335e-07
3.045075125208681335e-07
3.045075125208681335e-07
3.045075125208681335e-07
3.045075125208681335e-07
3.045075125208681335e-07
3.045075125208681335e-07
3.806343906510851669e-08
3.806343906510851669e-08
3.806343906510851669e-08
3.806343906510851669e-08
3.806343906510851669e-08
3.806343906510851669e-08
3.806343906510851669e-08
3.806343906510851669e-08
3.806343906510851669e-08
3.806343906510851669e-08
4.908180300500834677e-07
4.908180300500834677e-07
4.908180300500834677e-07
4.908180300500834677e-07
4.908180300500834677e-07
4.908180300500834677e-07
4.908180300500834677e-07
4.908180300500834677e-07
4.908180300500834677e-07
4.908180300500834677e-07
6.110183639398998056e-07
6.110183639398998056e-07
6.110183639398998056e-07
6.110183639398998056e-07
6.110183639398998056e-07
6.110183639398998056e-07
6.110183639398998056e-07
6.110183639398998056e-07
6.110183639398998056e-07
6.110183639398998056e-07
6.110183639398998056e-07
6.110183639398998056e-07
6.110183639398998056e-07
8.614357262103505976e-07
8.614357262103505976e-07
8.614357262103505976e-07
8.614357262103505976e-07
8.614357262103505976e-07
8.614357262103505976e-07
8.614357262103505976e-07
8.614357262103505976e-07
8.614357262103505976e-07
8.614357262103505976e-07
8.614357262103505976e-07
8.614357262103505976e-07
1.202003338898163643e-07
2.003338898163606072e-07
1.202003338898163643e-07
2.003338898163606072e-07
1.202003338898163643e-07
2.003338898163606072e-07
1.202003338898163643e-07
2.003338898163606072e-07
1.202003338898163643e-07
2.003338898163606072e-07
1.202003338898163643e-07
2.003338898163606072e-07
1.202003338898163643e-07
2.003338898163606072e-07
1.202003338898163643e-07
2.003338898163606072e-07
1.202003338898163643e-07
2.003338898163606072e-07
1.202003338898163643e-07
2.003338898163606072e-07
1.202003338898163643e-07
2.003338898163606072e-07
1.202003338898163643e-07
2.003338898163606072e-07
1.202003338898163643e-07
2.003338898163606072e-07
9.535893155258764425e-07
9.535893155258764425e-07
9.535893155258764425e-07
9.535893155258764425e-07
9.535893155258764425e-07
9.535893155258764425e-07
9.535893155258764425e-07
9.535893155258764425e-07
9.535893155258764425e-07
9.535893155258764425e-07
9.535893155258764425e-07
9.535893155258764425e-07
9.535893155258764425e-07
9.535893155258764425e-07
8.073455759599332562e-07
8.073455759599332562e-07
8.073455759599332562e-07
8.073455759599332562e-07
8.073455759599332562e-07
8.073455759599332562e-07
8.073455759599332562e-07
8.073455759599332562e-07
8.073455759599332562e-07
8.073455759599332562e-07
8.073455759599332562e-07
1.073789649415692886e-06
1.073789649415692886e-06
1.073789649415692886e-06
1.073789649415692886e-06
1.073789649415692886e-06
1.073789649415692886e-06
1.073789649415692886e-06
9.736227045075125694e-07
9.736227045075125694e-07
9.736227045075125694e-07
9.736227045075125694e-07
9.736227045075125694e-07
9.736227045075125694e-07
9.736227045075125694e-07
9.736227045075125694e-07
8.814691151919866187e-08
8.814691151919866187e-08
8.814691151919866187e-08
8.814691151919866187e-08
8.814691151919866187e-08
8.814691151919866187e-08
8.814691151919866187e-08
8.814691151919866187e-08
8.814691151919866187e-08
8.814691151919866187e-08
2.444073455759599116e-07
2.444073455759599116e-07
2.444073455759599116e-07
2.444073455759599116e-07
2.444073455759599116e-07
2.444073455759599116e-07
2.444073455759599116e-07
7.252086811352253159e-07
7.252086811352253159e-07
7.252086811352253159e-07
7.252086811352253159e-07
7.252086811352253159e-07
7.252086811352253159e-07
7.252086811352253159e-07
7.252086811352253159e-07
7.252086811352253159e-07
7.252086811352253159e-07
1.001669449081803036e-07
1.001669449081803036e-07
1.001669449081803036e-07
1.001669449081803036e-07
1.001669449081803036e-07
1.001669449081803036e-07
1.001669449081803036e-07
1.001669449081803036e-07
1.001669449081803036e-07
1.001669449081803036e-07
1.001669449081803036e-07
1.001669449081803036e-07
1.001669449081803036e-07
1.001669449081803036e-07
8.053422370617696118e-07
1.121869782971619294e-06
8.053422370617696118e-07
1.121869782971619294e-06
8.053422370617696118e-07
1.121869782971619294e-06
8.053422370617696118e-07
1.121869782971619294e-06
8.053422370617696118e-07
1.121869782971619294e-06
8.053422370617696118e-07
1.121869782971619294e-06
8.514190317195325871e-07
8.514190317195325871e-07
8.514190317195325871e-07
8.514190317195325871e-07
8.514190317195325871e-07
8.514190317195325871e-07
8.514190317195325871e-07
8.514190317195325871e-07
8.514190317195325871e-07
8.514190317195325871e-07
8.514190317195325871e-07
5.168614357262103162e-07
5.168614357262103162e-07
5.168614357262103162e-07
5.168614357262103162e-07
5.168614357262103162e-07
5.168614357262103162e-07
5.168614357262103162e-07
5.168614357262103162e-07
5.168614357262103162e-07
5.168614357262103162e-07
5.168614357262103162e-07
5.168614357262103162e-07
7.412353923205341539e-08
7.412353923205341539e-08
7.412353923205341539e-08
7.412353923205341539e-08
7.412353923205341539e-08
7.412353923205341539e-08
7.412353923205341539e-08
7.412353923205341539e-08
7.412353923205341539e-08
7.412353923205341539e-08
6.330550918196994710e-07
6.330550918196994710e-07
6.330550918196994710e-07
6.330550918196994710e-07
1.422370617696160298e-07
1.422370617696160298e-07
1.422370617696160298e-07
1.422370617696160298e-07
1.422370617696160298e-07
1.422370617696160298e-07
1.422370617696160298e-07
1.422370617696160298e-07
1.422370617696160298e-07
1.422370617696160298e-07
1.422370617696160298e-07
1.422370617696160298e-07
1.422370617696160298e-07
5.248747913188647882e-07
5.248747913188647882e-07
5.248747913188647882e-07
5.248747913188647882e-07
5.248747913188647882e-07
5.248747913188647882e-07
5.248747913188647882e-07
5.248747913188647882e-07
4.367278797996661263e-07
4.367278797996661263e-07
4.367278797996661263e-07
4.367278797996661263e-07
4.367278797996661263e-07
4.367278797996661263e-07
4.367278797996661263e-07
4.367278797996661263e-07
4.367278797996661263e-07
4.367278797996661263e-07
4.086811352253756334e-07
4.086811352253756334e-07
4.086811352253756334e-07
4.086811352253756334e-07
4.086811352253756334e-07
4.086811352253756334e-07
4.086811352253756334e-07
4.086811352253756334e-07
4.086811352253756334e-07
4.086811352253756334e-07
4.086811352253756334e-07
4.086811352253756334e-07
4.086811352253756334e-07
5.268781302170283267e-07
5.268781302170283267e-07
5.268781302170283267e-07
5.268781302170283267e-07
5.268781302170283267e-07
5.268781302170283267e-07
5.268781302170283267e-07
5.268781302170283267e-07
5.268781302170283267e-07
5.268781302170283267e-07
5.268781302170283267e-07
5.268781302170283267e-07
1.045742904841402287e-06
1.045742904841402287e-06
1.045742904841402287e-06
1.045742904841402287e-06
1.045742904841402287e-06
1.045742904841402287e-06
1.045742904841402287e-06
1.045742904841402287e-06
1.045742904841402287e-06
1.045742904841402287e-06
1.045742904841402287e-06
1.045742904841402287e-06
5.629382303839732916e-07
5.629382303839732916e-07
5.629382303839732916e-07
5.629382303839732916e-07
5.629382303839732916e-07
5.629382303839732916e-07
5.629382303839732916e-07
5.629382303839732916e-07
5.629382303839732916e-07
5.629382303839732916e-07
5.629382303839732916e-07
5.629382303839732916e-07
5.629382303839732916e-07
1.001669449081803036e-08
1.001669449081803036e-08
1.001669449081803036e-08
1.001669449081803036e-08
1.001669449081803036e-08
1.001669449081803036e-08
1.001669449081803036e-08
1.001669449081803036e-08
8.854757929883138017e-07
8.854757929883138017e-07
8.854757929883138017e-07
8.854757929883138017e-07
8.854757929883138017e-07
8.854757929883138017e-07
8.854757929883138017e-07
8.854757929883138017e-07
8.854757929883138017e-07
8.854757929883138017e-07
8.854757929883138017e-07
8.854757929883138017e-07
8.854757929883138017e-07
4.347245409015024819e-07
4.347245409015024819e-07
4.347245409015024819e-07
4.347245409015024819e-07
4.347245409015024819e-07
4.347245409015024819e-07
4.347245409015024819e-07
4.347245409015024819e-07
4.347245409015024819e-07
4.347245409015024819e-07
2.984974958263773060e-07
2.984974958263773060e-07
2.984974958263773060e-07
2.984974958263773060e-07
2.984974958263773060e-07
2.984974958263773060e-07
2.984974958263773060e-07
2.984974958263773060e-07
2.984974958263773060e-07
2.984974958263773060e-07
2.984974958263773060e-07
2.984974958263773060e-07
2.984974958263773060e-07
2.984974958263773060e-07
9.235392320534224110e-07
9.235392320534224110e-07
9.235392320534224110e-07
9.235392320534224110e-07
9.235392320534224110e-07
9.235392320534224110e-07
9.235392320534224110e-07
9.235392320534224110e-07
9.235392320534224110e-07
9.235392320534224110e-07
9.235392320534224110e-07
4.607679465776293833e-07
4.607679465776293833e-07
4.607679465776293833e-07
4.607679465776293833e-07
4.607679465776293833e-07
4.607679465776293833e-07
4.607679465776293833e-07
4.607679465776293833e-07
4.607679465776293833e-07
4.607679465776293833e-07
2.163606010016694452e-07
2.163606010016694452e-07
2.163606010016694452e-07
2.163606010016694452e-07
2.163606010016694452e-07
2.163606010016694452e-07
2.163606010016694452e-07
9.255425709515859496e-07
9.255425709515859496e-07
9.255425709515859496e-07
9.255425709515859496e-07
9.255425709515859496e-07
9.255425709515859496e-07
9.255425709515859496e-07
9.255425709515859496e-07
9.255425709515859496e-07
9.255425709515859496e-07
9.255425709515859496e-07
9.255425709515859496e-07
9.255425709515859496e-07
9.255425709515859496e-07
9.255425709515859496e-07
9.255425709515859496e-07
9.255425709515859496e-07
9.255425709515859496e-07
9.255425709515859496e-07
9.255425709515859496e-07
9.255425709515859496e-07
9.255425709515859496e-07
9.255425709515859496e-07
9.255425709515859496e-07
9.255425709515859496e-07
9.255425709515859496e-07
9.255425709515859496e-07
9.255425709515859496e-07
9.255425709515859496e-07
9.255425709515859496e-07
9.255425709515859496e-07
9.255425709515859496e-07
9.255425709515859496e-07
9.255425709515859496e-07
9.255425709515859496e-07
9.255425709515859496e-07
9.255425709515859496e-07
9.255425709515859496e-07
9.255425709515859496e-07
9.255425709515859496e-07
9.255425709515859496e-07
9.255425709515859496e-07
9.255425709515859496e-07
9.255425709515859496e-07
9.255425709515859496e-07
9.255425709515859496e-07
9.255425709515859496e-07
9.255425709515859496e-07
9.255425709515859496e-07
9.255425709515859496e-07
9.255425709515859496e-07
9.255425709515859496e-07
9.255425709515859496e-07
9.255425709515859496e-07
9.255425709515859496e-07
9.255425709515859496e-07
9.255425709515859496e-07
9.255425709515859496e-07
9.255425709515859496e-07
9.255425709515859496e-07
9.255425709515859496e-07
9.255425709515859496e-07
9.255425709515859496e-07
9.255425709515859496e-07
9.255425709515859496e-07
9.255425709515859496e-07
9.255425709515859496e-07
9.255425709515859496e-07
9.255425709515859496e-07
9.255425709515859496e-07
9.255425709515859496e-07
9.255425709515859496e-07
9.255425709515859496e-07
9.255425709515859496e-07
9.255425709515859496e-07
9.255425709515859496e-07
9.255425709515859496e-07
9.255425709515859496e-07
9.255425709515859496e-07
9.255425709515859496e-07
9.255425709515859496e-07
9.255425709515859496e-07
9.255425709515859496e-07
9.255425709515859496e-07
9.255425709515859496e-07
9.255425709515859496e-07
9.255425709515859496e-07
9.255425709515859496e-07
9.255425709515859496e-07
9.255425709515859496e-07
9.255425709515859496e-07
9.255425709515859496e-07
9.255425709515859496e-07
9.255425709515859496e-07
9.255425709515859496e-07
9.255425709515859496e-07
9.255425709515859496e-07
9.255425709515859496e-07
9.255425709515859496e-07
9.255425709515859496e-07
9.255425709515859496e-07
9.255425709515859496e-07
9.255425709515859496e-07
9.255425709515859496e-07
9.255425709515859496e-07
9.255425709515859496e-07
9.255425709515859496e-07
9.255425709515859496e-07
9.255425709515859496e-07
9.255425709515859496e-07
9.255425709515859496e-07
9.255425709515859496e-07
9.255425709515859496e-07
9.255425709515859496e-07
9.255425709515859496e-07
9.255425709515859496e-07
9.255425709515859496e-07
9.255425709515859496e-07
9.255425709515859496e-07
9.255425709515859496e-07
9.255425709515859496e-07
9.255425709515859496e-07
9.255425709515859496e-07
9.255425709515859496e-07
9.255425709515859496e-07
9.255425709515859496e-07
9.255425709515859496e-07
9.255425709515859496e-07
9.255425709515859496e-07
9.255425709515859496e-07
9.255425709515859496e-07
9.255425709515859496e-07
9.255425709515859496e-07
9.255425709515859496e-07
9.255425709515859496e-07
9.255425709515859496e-07
9.255425709515859496e-07
9.255425709515859496e-07
9.255425709515859496e-07
9.255425709515859496e-07
9.255425709515859496e-07
9.255425709515859496e-07
9.255425709515859496e-07
9.255425709515859496e-07
9.255425709515859496e-07
9.255425709515859496e-07
9.255425709515859496e-07
9.255425709515859496e-07
9.255425709515859496e-07
9.255425709515859496e-07
9.255425709515859496e-07
9.255425709515859496e-07
9.255425709515859496e-07
9.255425709515859496e-07
9.255425709515859496e-07
9.255425709515859496e-07
9.255425709515859496e-07
9.255425709515859496e-07
9.255425709515859496e-07
9.255425709515859496e-07
9.255425709515859496e-07
9.255425709515859496e-07
9.255425709515859496e-07
9.255425709515859496e-07
9.255425709515859496e-07
9.255425709515859496e-07
9.255425709515859496e-07
9.255425709515859496e-07
9.255425709515859496e-07
9.255425709515859496e-07
9.255425709515859496e-07
9.255425709515859496e-07
9.255425709515859496e-07
9.255425709515859496e-07
9.255425709515859496e-07
9.255425709515859496e-07
9.255425709515859496e-07
9.255425709515859496e-07
9.255425709515859496e-07
9.255425709515859496e-07
9.255425709515859496e-07
9.255425709515859496e-07
9.255425709515859496e-07
9.255425709515859496e-07
9.255425709515859496e-07
9.255425709515859496e-07
9.255425709515859496e-07
9.255425709515859496e-07
9.255425709515859496e-07
9.255425709515859496e-07
9.255425709515859496e-07
9.255425709515859496e-07
9.255425709515859496e-07
9.255425709515859496e-07
9.255425709515859496e-07
9.255425709515859496e-07
9.255425709515859496e-07
9.255425709515859496e-07
9.255425709515859496e-07
9.255425709515859496e-07
9.255425709515859496e-07
9.255425709515859496e-07
9.255425709515859496e-07
9.255425709515859496e-07
9.255425709515859496e-07
9.255425709515859496e-07
9.255425709515859496e-07
9.255425709515859496e-07
9.255425709515859496e-07
9.255425709515859496e-07
9.255425709515859496e-07
9.255425709515859496e-07
9.255425709515859496e-07
9.255425709515859496e-07
9.255425709515859496e-07
9.255425709515859496e-07
9.255425709515859496e-07
9.255425709515859496e-07
9.255425709515859496e-07
9.255425709515859496e-07
9.255425709515859496e-07
9.255425709515859496e-07
9.255425709515859496e-07
9.255425709515859496e-07
9.255425709515859496e-07
9.255425709515859496e-07
9.255425709515859496e-07
9.255425709515859496e-07
9.255425709515859496e-07
9.255425709515859496e-07
9.255425709515859496e-07
9.255425709515859496e-07
9.255425709515859496e-07
9.255425709515859496e-07
9.255425709515859496e-07
9.255425709515859496e-07
9.255425709515859496e-07
9.255425709515859496e-07
9.255425709515859496e-07
9.255425709515859496e-07
9.255425709515859496e-07
9.255425709515859496e-07
9.255425709515859496e-07
9.255425709515859496e-07
9.255425709515859496e-07
9.255425709515859496e-07
9.255425709515859496e-07
9.255425709515859496e-07
9.255425709515859496e-07
9.255425709515859496e-07
9.255425709515859496e-07
9.255425709515859496e-07
9.255425709515859496e-07
9.255425709515859496e-07
9.255425709515859496e-07
9.255425709515859496e-07
9.255425709515859496e-07
9.255425709515859496e-07
9.255425709515859496e-07
9.255425709515859496e-07
9.255425709515859496e-07
9.255425709515859496e-07
9.255425709515859496e-07
9.255425709515859496e-07
9.255425709515859496e-07
9.255425709515859496e-07
9.255425709515859496e-07
9.255425709515859496e-07
9.255425709515859496e-07
9.255425709515859496e-07
9.255425709515859496e-07
9.255425709515859496e-07
9.255425709515859496e-07
9.255425709515859496e-07
9.255425709515859496e-07
9.255425709515859496e-07
1.019699499165275545e-06
1.019699499165275545e-06
1.019699499165275545e-06
1.019699499165275545e-06
1.019699499165275545e-06
1.019699499165275545e-06
1.019699499165275545e-06
1.019699499165275545e-06
1.019699499165275545e-06
1.702838063439064963e-07
1.702838063439064963e-07
1.702838063439064963e-07
1.702838063439064963e-07
1.702838063439064963e-07
1.702838063439064963e-07
1.702838063439064963e-07
1.702838063439064963e-07
1.702838063439064963e-07
1.702838063439064963e-07
1.702838063439064963e-07
1.702838063439064963e-07
1.702838063439064963e-07
8.994991652754591011e-07
8.994991652754591011e-07
8.994991652754591011e-07
8.994991652754591011e-07
8.994991652754591011e-07
8.994991652754591011e-07
8.994991652754591011e-07
8.994991652754591011e-07
8.994991652754591011e-07
8.994991652754591011e-07
8.994991652754591011e-07
6.611018363939899640e-08
6.611018363939899640e-08
6.611018363939899640e-08
6.611018363939899640e-08
6.611018363939899640e-08
6.611018363939899640e-08
6.611018363939899640e-08
6.611018363939899640e-08
6.611018363939899640e-08
9.115191986644407561e-07
9.115191986644407561e-07
9.115191986644407561e-07
9.115191986644407561e-07
9.115191986644407561e-07
9.115191986644407561e-07
9.115191986644407561e-07
9.115191986644407561e-07
9.115191986644407561e-07
4.928213689482471122e-07
4.928213689482471122e-07
4.928213689482471122e-07
4.928213689482471122e-07
4.928213689482471122e-07
4.928213689482471122e-07
4.928213689482471122e-07
4.928213689482471122e-07
8.053422370617696118e-07
8.053422370617696118e-07
8.053422370617696118e-07
8.053422370617696118e-07
8.053422370617696118e-07
8.053422370617696118e-07
8.053422370617696118e-07
8.053422370617696118e-07
8.053422370617696118e-07
8.053422370617696118e-07
8.053422370617696118e-07
8.053422370617696118e-07
5.749582637729549466e-07
5.749582637729549466e-07
5.749582637729549466e-07
5.749582637729549466e-07
5.749582637729549466e-07
5.749582637729549466e-07
5.749582637729549466e-07
5.749582637729549466e-07
5.749582637729549466e-07
5.749582637729549466e-07
5.749582637729549466e-07
5.749582637729549466e-07
5.749582637729549466e-07
5.749582637729549466e-07
4.647746243739565663e-07
4.647746243739565663e-07
4.647746243739565663e-07
4.647746243739565663e-07
4.647746243739565663e-07
4.647746243739565663e-07
4.647746243739565663e-07
4.647746243739565663e-07
4.647746243739565663e-07
7.252086811352253159e-07
7.252086811352253159e-07
7.252086811352253159e-07
7.252086811352253159e-07
7.252086811352253159e-07
7.252086811352253159e-07
7.252086811352253159e-07
7.252086811352253159e-07
7.252086811352253159e-07
7.252086811352253159e-07
7.252086811352253159e-07
7.252086811352253159e-07
7.252086811352253159e-07
7.252086811352253159e-07
7.933222036727879568e-07
7.933222036727879568e-07
7.933222036727879568e-07
7.933222036727879568e-07
7.933222036727879568e-07
7.933222036727879568e-07
7.933222036727879568e-07
7.933222036727879568e-07
7.933222036727879568e-07
1.582637729549248678e-07
1.582637729549248678e-07
1.582637729549248678e-07
1.582637729549248678e-07
1.582637729549248678e-07
1.582637729549248678e-07
1.582637729549248678e-07
1.582637729549248678e-07
1.582637729549248678e-07
1.582637729549248678e-07
1.582637729549248678e-07
6.851419031719532739e-07
6.851419031719532739e-07
6.851419031719532739e-07
6.851419031719532739e-07
6.851419031719532739e-07
6.851419031719532739e-07
6.851419031719532739e-07
6.851419031719532739e-07
6.851419031719532739e-07
6.851419031719532739e-07
6.851419031719532739e-07
6.851419031719532739e-07
6.851419031719532739e-07
6.851419031719532739e-07
6.851419031719532739e-07
1.107846410684474207e-06
1.107846410684474207e-06
1.107846410684474207e-06
1.107846410684474207e-06
1.107846410684474207e-06
1.107846410684474207e-06
1.107846410684474207e-06
1.107846410684474207e-06
1.107846410684474207e-06
1.185976627712854646e-06
1.185976627712854646e-06
1.185976627712854646e-06
1.185976627712854646e-06
1.185976627712854646e-06
1.185976627712854646e-06
1.185976627712854646e-06
7.232053422370617774e-07
7.232053422370617774e-07
7.232053422370617774e-07
7.232053422370617774e-07
7.232053422370617774e-07
7.232053422370617774e-07
7.232053422370617774e-07
7.232053422370617774e-07
7.232053422370617774e-07
7.232053422370617774e-07
7.232053422370617774e-07
7.232053422370617774e-07
7.232053422370617774e-07
7.232053422370617774e-07
7.232053422370617774e-07
4.527545909849749643e-07
4.527545909849749643e-07
4.527545909849749643e-07
4.527545909849749643e-07
4.527545909849749643e-07
4.527545909849749643e-07
4.527545909849749643e-07
4.527545909849749643e-07
4.527545909849749643e-07
4.527545909849749643e-07
4.527545909849749643e-07
4.527545909849749643e-07
9.936560934891485904e-07
9.936560934891485904e-07
9.936560934891485904e-07
9.936560934891485904e-07
9.936560934891485904e-07
9.936560934891485904e-07
9.936560934891485904e-07
9.936560934891485904e-07
9.936560934891485904e-07
9.936560934891485904e-07
9.936560934891485904e-07
9.936560934891485904e-07
1.081803005008347252e-06
1.081803005008347252e-06
1.081803005008347252e-06
1.081803005008347252e-06
1.081803005008347252e-06
1.081803005008347252e-06
1.081803005008347252e-06
1.081803005008347252e-06
1.081803005008347252e-06
1.081803005008347252e-06
1.081803005008347252e-06
1.081803005008347252e-06
1.081803005008347252e-06
1.081803005008347252e-06
1.081803005008347252e-06
9.155258764607679391e-07
9.155258764607679391e-07
9.155258764607679391e-07
9.155258764607679391e-07
9.155258764607679391e-07
9.155258764607679391e-07
9.155258764607679391e-07
9.155258764607679391e-07
9.155258764607679391e-07
9.155258764607679391e-07
1.682804674457429047e-07
1.682804674457429047e-07
1.682804674457429047e-07
1.682804674457429047e-07
1.682804674457429047e-07
1.682804674457429047e-07
1.682804674457429047e-07
1.682804674457429047e-07
1.682804674457429047e-07
1.682804674457429047e-07
1.682804674457429047e-07
1.682804674457429047e-07
1.202003338898163643e-07
1.202003338898163643e-07
1.202003338898163643e-07
1.202003338898163643e-07
1.202003338898163643e-07
1.202003338898163643e-07
1.202003338898163643e-07
1.202003338898163643e-07
1.202003338898163643e-07
1.202003338898163643e-07
1.202003338898163643e-07
1.202003338898163643e-07
7.272120200333889604e-07
7.272120200333889604e-07
7.272120200333889604e-07
7.272120200333889604e-07
7.272120200333889604e-07
7.272120200333889604e-07
7.272120200333889604e-07
7.272120200333889604e-07
7.272120200333889604e-07
7.272120200333889604e-07
7.272120200333889604e-07
7.412353923205342598e-07
7.412353923205342598e-07
7.412353923205342598e-07
7.412353923205342598e-07
7.412353923205342598e-07
7.412353923205342598e-07
7.412353923205342598e-07
7.412353923205342598e-07
7.412353923205342598e-07
7.412353923205342598e-07
7.412353923205342598e-07
7.412353923205342598e-07
7.412353923205342598e-07
3.025041736227044891e-07
3.025041736227044891e-07
3.025041736227044891e-07
3.025041736227044891e-07
3.025041736227044891e-07
3.025041736227044891e-07
3.025041736227044891e-07
3.025041736227044891e-07
3.025041736227044891e-07
3.025041736227044891e-07
3.025041736227044891e-07
3.025041736227044891e-07
3.025041736227044891e-07
3.025041736227044891e-07
3.025041736227044891e-07
9.255425709515859496e-07
9.255425709515859496e-07
9.255425709515859496e-07
9.255425709515859496e-07
9.255425709515859496e-07
9.255425709515859496e-07
9.255425709515859496e-07
9.255425709515859496e-07
9.255425709515859496e-07
9.255425709515859496e-07
9.255425709515859496e-07
9.255425709515859496e-07
9.255425709515859496e-07
6.110183639398998056e-07
6.110183639398998056e-07
6.110183639398998056e-07
6.110183639398998056e-07
6.110183639398998056e-07
6.110183639398998056e-07
6.110183639398998056e-07
6.110183639398998056e-07
6.110183639398998056e-07
6.110183639398998056e-07
6.110183639398998056e-07
6.110183639398998056e-07
6.110183639398998056e-07
4.066777963272120418e-07
4.066777963272120418e-07
4.066777963272120418e-07
4.066777963272120418e-07
4.066777963272120418e-07
4.066777963272120418e-07
4.066777963272120418e-07
4.066777963272120418e-07
4.066777963272120418e-07
1.185976627712854646e-06
1.185976627712854646e-06
1.185976627712854646e-06
1.185976627712854646e-06
1.185976627712854646e-06
1.185976627712854646e-06
1.185976627712854646e-06
1.185976627712854646e-06
1.185976627712854646e-06
1.185976627712854646e-06
1.185976627712854646e-06
1.185976627712854646e-06
1.185976627712854646e-06
1.185976627712854646e-06
1.222036727879799558e-07
1.222036727879799558e-07
1.222036727879799558e-07
1.222036727879799558e-07
1.222036727879799558e-07
1.222036727879799558e-07
1.222036727879799558e-07
1.222036727879799558e-07
1.222036727879799558e-07
1.222036727879799558e-07
1.222036727879799558e-07
1.135893155258764594e-06
1.135893155258764594e-06
1.135893155258764594e-06
1.135893155258764594e-06
1.135893155258764594e-06
1.135893155258764594e-06
1.135893155258764594e-06
1.135893155258764594e-06
1.135893155258764594e-06
1.135893155258764594e-06
1.135893155258764594e-06
1.135893155258764594e-06
1.135893155258764594e-06
6.190317195325542775e-07
6.190317195325542775e-07
6.190317195325542775e-07
6.190317195325542775e-07
6.190317195325542775e-07
6.190317195325542775e-07
6.190317195325542775e-07
6.190317195325542775e-07
6.190317195325542775e-07
6.190317195325542775e-07
6.190317195325542775e-07
6.190317195325542775e-07
6.190317195325542775e-07
6.190317195325542775e-07
3.485809682804674644e-07
3.485809682804674644e-07
3.485809682804674644e-07
3.485809682804674644e-07
3.485809682804674644e-07
3.485809682804674644e-07
3.485809682804674644e-07
3.485809682804674644e-07
3.485809682804674644e-07
3.485809682804674644e-07
3.485809682804674644e-07
3.485809682804674644e-07
3.485809682804674644e-07
3.485809682804674644e-07
1.091819699499165263e-06
1.091819699499165263e-06
1.091819699499165263e-06
1.091819699499165263e-06
1.091819699499165263e-06
1.091819699499165263e-06
1.091819699499165263e-06
1.091819699499165263e-06
1.091819699499165263e-06
1.091819699499165263e-06
1.091819699499165263e-06
1.091819699499165263e-06
1.091819699499165263e-06
9.415692821368947876e-07
9.415692821368947876e-07
9.415692821368947876e-07
9.415692821368947876e-07
9.415692821368947876e-07
9.415692821368947876e-07
9.415692821368947876e-07
9.415692821368947876e-07
9.415692821368947876e-07
9.415692821368947876e-07
5.248747913188647882e-07
5.248747913188647882e-07
5.248747913188647882e-07
5.248747913188647882e-07
5.248747913188647882e-07
5.248747913188647882e-07
5.248747913188647882e-07
5.248747913188647882e-07
5.248747913188647882e-07
5.248747913188647882e-07
5.248747913188647882e-07
5.248747913188647882e-07
1.262103505843071653e-07
1.262103505843071653e-07
1.262103505843071653e-07
1.262103505843071653e-07
1.262103505843071653e-07
1.262103505843071653e-07
1.262103505843071653e-07
1.262103505843071653e-07
1.262103505843071653e-07
1.262103505843071653e-07
1.262103505843071653e-07
1.262103505843071653e-07
6.611018363939899640e-08
6.611018363939899640e-08
6.611018363939899640e-08
6.611018363939899640e-08
6.611018363939899640e-08
6.611018363939899640e-08
6.611018363939899640e-08
6.611018363939899640e-08
6.611018363939899640e-08
6.611018363939899640e-08
6.611018363939899640e-08
6.611018363939899640e-08
6.611018363939899640e-08
6.611018363939899640e-08
1.133889816360600949e-06
1.133889816360600949e-06
1.133889816360600949e-06
1.133889816360600949e-06
1.133889816360600949e-06
1.133889816360600949e-06
1.133889816360600949e-06
1.133889816360600949e-06
1.133889816360600949e-06
1.133889816360600949e-06
1.133889816360600949e-06
1.133889816360600949e-06
4.006677796327211978e-09
4.006677796327211978e-09
4.006677796327211978e-09
4.006677796327211978e-09
4.006677796327211978e-09
4.006677796327211978e-09
4.006677796327211978e-09
4.006677796327211978e-09
4.006677796327211978e-09
4.006677796327211978e-09
4.006677796327211978e-09
4.006677796327211978e-09
4.006677796327211978e-09
4.006677796327211978e-09
1.782971619365609417e-07
1.782971619365609417e-07
1.782971619365609417e-07
1.782971619365609417e-07
1.782971619365609417e-07
1.782971619365609417e-07
1.782971619365609417e-07
1.782971619365609417e-07
1.782971619365609417e-07
1.782971619365609417e-07
1.782971619365609417e-07
1.782971619365609417e-07
3.746243739565943129e-07
3.746243739565943129e-07
3.746243739565943129e-07
3.746243739565943129e-07
3.746243739565943129e-07
3.746243739565943129e-07
1.051752921535893221e-06
1.051752921535893221e-06
1.051752921535893221e-06
1.051752921535893221e-06
1.051752921535893221e-06
1.051752921535893221e-06
1.051752921535893221e-06
1.051752921535893221e-06
4.607679465776293568e-08
4.607679465776293568e-08
4.607679465776293568e-08
3.946577629382303869e-07
3.946577629382303869e-07
3.946577629382303869e-07
3.946577629382303869e-07
3.946577629382303869e-07
3.946577629382303869e-07
3.946577629382303869e-07
3.946577629382303869e-07
3.946577629382303869e-07
3.946577629382303869e-07
3.946577629382303869e-07
3.946577629382303869e-07
3.946577629382303869e-07
3.946577629382303869e-07
4.006677796327211978e-09
4.006677796327211978e-09
4.006677796327211978e-09
4.006677796327211978e-09
4.006677796327211978e-09
4.006677796327211978e-09
4.006677796327211978e-09
4.006677796327211978e-09
4.006677796327211978e-09
4.006677796327211978e-09
4.006677796327211978e-09
4.006677796327211978e-09
4.006677796327211978e-09
5.168614357262103162e-07
5.168614357262103162e-07
5.168614357262103162e-07
5.168614357262103162e-07
5.168614357262103162e-07
5.168614357262103162e-07
5.168614357262103162e-07
5.168614357262103162e-07
5.168614357262103162e-07
5.168614357262103162e-07
5.168614357262103162e-07
5.168614357262103162e-07
5.168614357262103162e-07
1.943238731218697797e-07
1.943238731218697797e-07
1.943238731218697797e-07
1.943238731218697797e-07
1.943238731218697797e-07
1.943238731218697797e-07
1.943238731218697797e-07
1.943238731218697797e-07
1.943238731218697797e-07
1.943238731218697797e-07
5.1085141903171948