8.293823038397329217e-07
8.293823038397329217e-07
8.293823038397329217e-07
8.293823038397329217e-07
8.293823038397329217e-07
8.293823038397329217e-07
8.293823038397329217e-07
8.293823038397329217e-07
8.293823038397329217e-07
8.293823038397329217e-07
8.293823038397329217e-07
8.293823038397329217e-07
8.293823038397329217e-07
7.011686143572620590e-08
7.011686143572620590e-08
7.011686143572620590e-08
7.011686143572620590e-08
7.011686143572620590e-08
7.011686143572620590e-08
7.011686143572620590e-08
7.011686143572620590e-08
7.011686143572620590e-08
7.011686143572620590e-08
7.011686143572620590e-08
7.011686143572620590e-08
7.612687813021703338e-08
7.612687813021703338e-08
7.612687813021703338e-08
7.612687813021703338e-08
7.612687813021703338e-08
7.612687813021703338e-08
7.612687813021703338e-08
7.612687813021703338e-08
7.612687813021703338e-08
1.181969949916527596e-07
1.181969949916527596e-07
1.181969949916527596e-07
1.181969949916527596e-07
1.181969949916527596e-07
1.181969949916527596e-07
1.181969949916527596e-07
1.181969949916527596e-07
1.181969949916527596e-07
1.181969949916527596e-07
1.181969949916527596e-07
9.996661101836393120e-07
9.996661101836393120e-07
9.996661101836393120e-07
9.996661101836393120e-07
9.996661101836393120e-07
9.996661101836393120e-07
9.996661101836393120e-07
9.996661101836393120e-07
9.996661101836393120e-07
7.933222036727879568e-07
7.933222036727879568e-07
7.933222036727879568e-07
7.933222036727879568e-07
7.933222036727879568e-07
7.933222036727879568e-07
7.933222036727879568e-07
7.933222036727879568e-07
7.933222036727879568e-07
7.933222036727879568e-07
7.933222036727879568e-07
7.933222036727879568e-07
7.933222036727879568e-07
7.933222036727879568e-07
7.933222036727879568e-07
1.167946577629382270e-06
1.167946577629382270e-06
1.167946577629382270e-06
1.167946577629382270e-06
1.167946577629382270e-06
1.167946577629382270e-06
1.167946577629382270e-06
1.167946577629382270e-06
1.167946577629382270e-06
2.464106844741235561e-07
2.464106844741235561e-07
2.464106844741235561e-07
2.464106844741235561e-07
2.464106844741235561e-07
2.464106844741235561e-07
2.464106844741235561e-07
2.464106844741235561e-07
2.464106844741235561e-07
2.464106844741235561e-07
2.464106844741235561e-07
7.212020033388981064e-08
7.212020033388981064e-08
7.212020033388981064e-08
7.212020033388981064e-08
7.212020033388981064e-08
7.212020033388981064e-08
7.212020033388981064e-08
7.212020033388981064e-08
7.212020033388981064e-08
6.150250417362269886e-07
6.150250417362269886e-07
6.150250417362269886e-07
6.150250417362269886e-07
6.150250417362269886e-07
6.150250417362269886e-07
6.150250417362269886e-07
6.150250417362269886e-07
6.150250417362269886e-07
6.150250417362269886e-07
6.150250417362269886e-07
6.150250417362269886e-07
6.150250417362269886e-07
6.150250417362269886e-07
4.707846410684473938e-07
4.707846410684473938e-07
4.707846410684473938e-07
4.707846410684473938e-07
4.707846410684473938e-07
4.707846410684473938e-07
4.707846410684473938e-07
4.707846410684473938e-07
4.707846410684473938e-07
4.707846410684473938e-07
4.707846410684473938e-07
4.707846410684473938e-07
4.707846410684473938e-07
1.161936560934891548e-06
1.161936560934891548e-06
1.161936560934891548e-06
1.161936560934891548e-06
1.161936560934891548e-06
1.161936560934891548e-06
1.161936560934891548e-06
1.161936560934891548e-06
1.161936560934891548e-06
1.161936560934891548e-06
1.161936560934891548e-06
1.161936560934891548e-06
1.161936560934891548e-06
4.627712854757929748e-07
4.627712854757929748e-07
4.627712854757929748e-07
4.627712854757929748e-07
4.627712854757929748e-07
4.627712854757929748e-07
4.627712854757929748e-07
4.627712854757929748e-07
