4.367278797996661263e-07
4.367278797996661263e-07
4.367278797996661263e-07
4.367278797996661263e-07
4.367278797996661263e-07
4.367278797996661263e-07
4.367278797996661263e-07
4.367278797996661263e-07
4.367278797996661263e-07
4.367278797996661263e-07
4.367278797996661263e-07
6.490818030050083090e-07
6.490818030050083090e-07
6.490818030050083090e-07
6.490818030050083090e-07
6.490818030050083090e-07
6.490818030050083090e-07
6.490818030050083090e-07
6.490818030050083090e-07
6.490818030050083090e-07
6.490818030050083090e-07
6.490818030050083090e-07
6.490818030050083090e-07
6.490818030050083090e-07
6.490818030050083090e-07
2.704507512520868131e-07
2.704507512520868131e-07
2.704507512520868131e-07
2.704507512520868131e-07
2.704507512520868131e-07
2.704507512520868131e-07
4.888146911519198233e-07
4.888146911519198233e-07
4.888146911519198233e-07
4.888146911519198233e-07
4.888146911519198233e-07
4.888146911519198233e-07
4.888146911519198233e-07
4.888146911519198233e-07
4.888146911519198233e-07
4.888146911519198233e-07
4.888146911519198233e-07
4.888146911519198233e-07
7.853088480801335907e-07
7.853088480801335907e-07
7.853088480801335907e-07
7.853088480801335907e-07
7.853088480801335907e-07
7.853088480801335907e-07
7.853088480801335907e-07
7.853088480801335907e-07
7.853088480801335907e-07
7.813021702838063812e-08
7.813021702838063812e-08
7.813021702838063812e-08
7.813021702838063812e-08
7.813021702838063812e-08
7.813021702838063812e-08
7.813021702838063812e-08
7.813021702838063812e-08
1.195993322203672869e-06
1.195993322203672869e-06
1.195993322203672869e-06
1.195993322203672869e-06
1.195993322203672869e-06
1.195993322203672869e-06
1.195993322203672869e-06
1.195993322203672869e-06
1.195993322203672869e-06
1.195993322203672869e-06
1.195993322203672869e-06
8.273789649415692772e-07
8.273789649415692772e-07
8.273789649415692772e-07
8.273789649415692772e-07
8.273789649415692772e-07
8.273789649415692772e-07
8.273789649415692772e-07
8.273789649415692772e-07
8.273789649415692772e-07
8.273789649415692772e-07
6.130217028380634500e-07
6.130217028380634500e-07
6.130217028380634500e-07
6.130217028380634500e-07
6.130217028380634500e-07
6.130217028380634500e-07
6.130217028380634500e-07
6.130217028380634500e-07
6.130217028380634500e-07
6.130217028380634500e-07
6.130217028380634500e-07
6.130217028380634500e-07
6.130217028380634500e-07
5.889816360601001401e-07
5.889816360601001401e-07
5.889816360601001401e-07
5.889816360601001401e-07
5.889816360601001401e-07
5.889816360601001401e-07
5.889816360601001401e-07
5.889816360601001401e-07
5.889816360601001401e-07
5.889816360601001401e-07
5.889816360601001401e-07
5.889816360601001401e-07
5.889816360601001401e-07
5.889816360601001401e-07
5.409015025041736262e-07
5.409015025041736262e-07
5.409015025041736262e-07
5.409015025041736262e-07
5.409015025041736262e-07
5.409015025041736262e-07
5.409015025041736262e-07
5.409015025041736262e-07
5.409015025041736262e-07
5.409015025041736262e-07
5.409015025041736262e-07
4.567612687813021473e-07
4.567612687813021473e-07
4.567612687813021473e-07
4.567612687813021473e-07
4.567612687813021473e-07
4.567612687813021473e-07
4.567612687813021473e-07
4.567612687813021473e-07
4.567612687813021473e-07
4.567612687813021473e-07
4.567612687813021473e-07
4.567612687813021473e-07
4.567612687813021473e-07
1.682804674457429047e-07
1.682804674457429047e-07
1.682804674457429047e-07
1.682804674457429047e-07
1.682804674457429047e-07
1.682804674457429047e-07
1.682804674457429047e-07
5.929883138564273231e-07
5.929883138564273231e-07
5.929883138564273231e-07
5.929883138564273231e-07
5.929883138564273231e-07
5.929883138564273231e-07
5.929883138564273231e-07
5.929883138564273231e-07
9.035058430717862841e-07
9.035058430717862841e-07
9.035058430717862841e-07
9.035058430717862841e-07
9.035058430717862841e-07
9.035058430717862841e-07
9.035058430717862841e-07
9.035058430717862841e-07
9.035058430717862841e-07
9.035058430717862841e-07
9.035058430717862841e-07
3.505843071786310560e-07
3.505843071786310560e-07
3.505843071786310560e-07
3.505843071786310560e-07
3.505843071786310560e-07
3.505843071786310560e-07
3.505843071786310560e-07
3.505843071786310560e-07
3.505843071786310560e-07
3.505843071786310560e-07
3.285475792988313905e-07
3.285475792988313905e-07
3.285475792988313905e-07
3.285475792988313905e-07
3.285475792988313905e-07
3.285475792988313905e-07
3.285475792988313905e-07
3.285475792988313905e-07
3.285475792988313905e-07
3.285475792988313905e-07
3.285475792988313905e-07
3.285475792988313905e-07
3.285475792988313905e-07
3.285475792988313905e-07
3.285475792988313905e-07
1.622704507512520773e-07
8.794657762938230801e-07
1.622704507512520773e-07
8.794657762938230801e-07
1.622704507512520773e-07
8.794657762938230801e-07
1.622704507512520773e-07
8.794657762938230801e-07
1.622704507512520773e-07
8.794657762938230801e-07
1.622704507512520773e-07
8.794657762938230801e-07
1.622704507512520773e-07
8.794657762938230801e-07
1.622704507512520773e-07
8.794657762938230801e-07
1.622704507512520773e-07
8.794657762938230801e-07
1.622704507512520773e-07
8.794657762938230801e-07
1.622704507512520773e-07
8.794657762938230801e-07
1.622704507512520773e-07
8.794657762938230801e-07
1.622704507512520773e-07
8.794657762938230801e-07
1.622704507512520773e-07
8.794657762938230801e-07
8.914858096828046292e-07
8.914858096828046292e-07
8.914858096828046292e-07
8.914858096828046292e-07
8.914858096828046292e-07
8.914858096828046292e-07
8.914858096828046292e-07
8.914858096828046292e-07
8.914858096828046292e-07
8.914858096828046292e-07
8.914858096828046292e-07
8.914858096828046292e-07
8.914858096828046292e-07
8.914858096828046292e-07
4.227045075125208798e-07
4.227045075125208798e-07
4.227045075125208798e-07
4.227045075125208798e-07
4.227045075125208798e-07
4.227045075125208798e-07
4.227045075125208798e-07
4.227045075125208798e-07
4.227045075125208798e-07
3.746243739565943129e-07
3.746243739565943129e-07
3.746243739565943129e-07
3.746243739565943129e-07
3.746243739565943129e-07
3.746243739565943129e-07
3.746243739565943129e-07
3.746243739565943129e-07
3.746243739565943129e-07
8.013355592654423956e-09
8.013355592654423956e-09
8.013355592654423956e-09
8.013355592654423956e-09
8.013355592654423956e-09
8.013355592654423956e-09
8.013355592654423956e-09
8.013355592654423956e-09
8.013355592654423956e-09
8.013355592654423956e-09
8.013355592654423956e-09
8.013355592654423956e-09
8.013355592654423956e-09
5.729549248747913021e-07
5.729549248747913021e-07
5.729549248747913021e-07
5.729549248747913021e-07
5.729549248747913021e-07
5.729549248747913021e-07
5.729549248747913021e-07
5.729549248747913021e-07
5.729549248747913021e-07
5.729549248747913021e-07
6.751252086811352634e-07
6.751252086811352634e-07
6.751252086811352634e-07
6.751252086811352634e-07
6.751252086811352634e-07
6.751252086811352634e-07
6.751252086811352634e-07
6.751252086811352634e-07
6.751252086811352634e-07
6.751252086811352634e-07
6.751252086811352634e-07
6.751252086811352634e-07
6.751252086811352634e-07
6.751252086811352634e-07
1.121869782971619321e-07
1.923205342237061617e-07
1.121869782971619321e-07
1.923205342237061617e-07
1.121869782971619321e-07
1.923205342237061617e-07
1.121869782971619321e-07
1.923205342237061617e-07
1.121869782971619321e-07
1.923205342237061617e-07
1.121869782971619321e-07
1.923205342237061617e-07
4.207011686143572618e-08
4.207011686143572618e-08
4.207011686143572618e-08
4.207011686143572618e-08
4.207011686143572618e-08
4.207011686143572618e-08
4.207011686143572618e-08
4.207011686143572618e-08
4.207011686143572618e-08
4.207011686143572618e-08
4.207011686143572618e-08
4.207011686143572618e-08
1.093823038397328907e-06
1.093823038397328907e-06
1.093823038397328907e-06
1.093823038397328907e-06
1.093823038397328907e-06
1.093823038397328907e-06
1.093823038397328907e-06
1.093823038397328907e-06
1.093823038397328907e-06
1.093823038397328907e-06
1.093823038397328907e-06
1.093823038397328907e-06
1.093823038397328907e-06
1.093823038397328907e-06
1.131886477462437305e-06
1.131886477462437305e-06
1.131886477462437305e-06
1.131886477462437305e-06
1.131886477462437305e-06
1.131886477462437305e-06
1.131886477462437305e-06
1.131886477462437305e-06
1.131886477462437305e-06
1.131886477462437305e-06
1.131886477462437305e-06
1.131886477462437305e-06
1.131886477462437305e-06
1.131886477462437305e-06
1.131886477462437305e-06
1.179966611018363925e-06
1.179966611018363925e-06
1.179966611018363925e-06
1.179966611018363925e-06
1.179966611018363925e-06
1.179966611018363925e-06
1.179966611018363925e-06
1.179966611018363925e-06
4.407345575959933093e-07
4.407345575959933093e-07
4.407345575959933093e-07
4.407345575959933093e-07
4.407345575959933093e-07
4.407345575959933093e-07
4.407345575959933093e-07
4.407345575959933093e-07
4.407345575959933093e-07
4.407345575959933093e-07
4.407345575959933093e-07
4.407345575959933093e-07
4.407345575959933093e-07
4.267111853088480629e-07
4.267111853088480629e-07
4.267111853088480629e-07
4.267111853088480629e-07
4.267111853088480629e-07
4.267111853088480629e-07
4.267111853088480629e-07
4.267111853088480629e-07
4.267111853088480629e-07
4.267111853088480629e-07
4.267111853088480629e-07
4.267111853088480629e-07
2.043405676126878167e-07
2.043405676126878167e-07
2.043405676126878167e-07
7.452420701168614428e-07
7.452420701168614428e-07
7.452420701168614428e-07
7.452420701168614428e-07
7.452420701168614428e-07
7.452420701168614428e-07
7.452420701168614428e-07
7.452420701168614428e-07
7.452420701168614428e-07
7.452420701168614428e-07
7.452420701168614428e-07
7.452420701168614428e-07
7.452420701168614428e-07
7.452420701168614428e-07
9.395659432387312490e-07
9.395659432387312490e-07
9.395659432387312490e-07
9.395659432387312490e-07
9.395659432387312490e-07
9.395659432387312490e-07
9.395659432387312490e-07
9.395659432387312490e-07
9.395659432387312490e-07
9.395659432387312490e-07
9.395659432387312490e-07
9.395659432387312490e-07
9.515859766277127981e-07
9.515859766277127981e-07
9.515859766277127981e-07
9.515859766277127981e-07
9.515859766277127981e-07
9.515859766277127981e-07
9.515859766277127981e-07
9.515859766277127981e-07
9.515859766277127981e-07
9.515859766277127981e-07
7.232053422370617774e-07
7.232053422370617774e-07
7.232053422370617774e-07
7.232053422370617774e-07
7.232053422370617774e-07
7.232053422370617774e-07
7.232053422370617774e-07
7.232053422370617774e-07
7.232053422370617774e-07
1.482470784641068308e-07
1.482470784641068308e-07
1.482470784641068308e-07
1.482470784641068308e-07
1.482470784641068308e-07
1.482470784641068308e-07
2.383973288814691106e-07
2.383973288814691106e-07
2.383973288814691106e-07
2.383973288814691106e-07
2.383973288814691106e-07
2.383973288814691106e-07
2.383973288814691106e-07
2.383973288814691106e-07
2.383973288814691106e-07
2.383973288814691106e-07
2.383973288814691106e-07
2.383973288814691106e-07
2.383973288814691106e-07
2.383973288814691106e-07
1.422370617696160298e-07
1.422370617696160298e-07
1.422370617696160298e-07
1.422370617696160298e-07
1.422370617696160298e-07
1.422370617696160298e-07
1.422370617696160298e-07
1.422370617696160298e-07
1.422370617696160298e-07
1.041736227045075131e-07
1.041736227045075131e-07
1.041736227045075131e-07
1.041736227045075131e-07
1.041736227045075131e-07
1.041736227045075131e-07
1.041736227045075131e-07
1.041736227045075131e-07
1.041736227045075131e-07
1.041736227045075131e-07
1.041736227045075131e-07
1.041736227045075131e-07
3.005008347245409108e-08
3.005008347245409108e-08
3.005008347245409108e-08
3.005008347245409108e-08
3.005008347245409108e-08
3.005008347245409108e-08
3.005008347245409108e-08
3.005008347245409108e-08
3.005008347245409108e-08
3.005008347245409108e-08
3.005008347245409108e-08
3.005008347245409108e-08
5.729549248747913021e-07
5.729549248747913021e-07
5.729549248747913021e-07
5.729549248747913021e-07
5.729549248747913021e-07
5.729549248747913021e-07
5.729549248747913021e-07
5.729549248747913021e-07
5.729549248747913021e-07
5.729549248747913021e-07
5.729549248747913021e-07
5.729549248747913021e-07
5.729549248747913021e-07
5.729549248747913021e-07
4.767946577629382213e-07
4.767946577629382213e-07
4.767946577629382213e-07
4.767946577629382213e-07
4.767946577629382213e-07
4.767946577629382213e-07
4.767946577629382213e-07
4.767946577629382213e-07
4.767946577629382213e-07
4.767946577629382213e-07
1.662771285475792868e-07
1.662771285475792868e-07
1.662771285475792868e-07
1.662771285475792868e-07
1.662771285475792868e-07
1.662771285475792868e-07
1.662771285475792868e-07
1.662771285475792868e-07
1.662771285475792868e-07
1.662771285475792868e-07
1.662771285475792868e-07
9.235392320534224110e-07
9.235392320534224110e-07
9.235392320534224110e-07
9.235392320534224110e-07
9.235392320534224110e-07
9.235392320534224110e-07
9.235392320534224110e-07
5.168614357262103162e-07
5.168614357262103162e-07
5.168614357262103162e-07
5.168614357262103162e-07
5.168614357262103162e-07
5.168614357262103162e-07
5.168614357262103162e-07
5.168614357262103162e-07
5.168614357262103162e-07
5.168614357262103162e-07
5.168614357262103162e-07
5.168614357262103162e-07
4.587646076794657918e-07
4.587646076794657918e-07
4.587646076794657918e-07
4.587646076794657918e-07
4.587646076794657918e-07
4.587646076794657918e-07
4.587646076794657918e-07
4.587646076794657918e-07
1.742904841402337322e-07
1.742904841402337322e-07
1.742904841402337322e-07
1.742904841402337322e-07
1.742904841402337322e-07
1.742904841402337322e-07
1.742904841402337322e-07
1.742904841402337322e-07
1.742904841402337322e-07
1.742904841402337322e-07
1.742904841402337322e-07
5.068447412353923057e-07
5.068447412353923057e-07
5.068447412353923057e-07
5.068447412353923057e-07
5.068447412353923057e-07
5.068447412353923057e-07
5.068447412353923057e-07
5.068447412353923057e-07
5.068447412353923057e-07
5.068447412353923057e-07
5.068447412353923057e-07
5.068447412353923057e-07
5.068447412353923057e-07
6.290484140233722880e-07
6.290484140233722880e-07
6.290484140233722880e-07
6.290484140233722880e-07
6.290484140233722880e-07
6.290484140233722880e-07
6.290484140233722880e-07
6.290484140233722880e-07
6.290484140233722880e-07
6.290484140233722880e-07
6.290484140233722880e-07
6.290484140233722880e-07
5.789649415692821296e-07
5.789649415692821296e-07
5.789649415692821296e-07
5.789649415692821296e-07
5.789649415692821296e-07
5.789649415692821296e-07
5.789649415692821296e-07
5.789649415692821296e-07
5.789649415692821296e-07
5.789649415692821296e-07
5.789649415692821296e-07
5.789649415692821296e-07
5.789649415692821296e-07
6.430717863105174816e-07
6.430717863105174816e-07
6.430717863105174816e-07
6.430717863105174816e-07
6.430717863105174816e-07
6.430717863105174816e-07
6.430717863105174816e-07
6.430717863105174816e-07
6.430717863105174816e-07
6.430717863105174816e-07
6.430717863105174816e-07
6.430717863105174816e-07
6.430717863105174816e-07
6.430717863105174816e-07
6.430717863105174816e-07
3.005008347245409108e-08
3.005008347245409108e-08
3.005008347245409108e-08
3.005008347245409108e-08
3.005008347245409108e-08
3.005008347245409108e-08
3.005008347245409108e-08
3.005008347245409108e-08
3.005008347245409108e-08
3.005008347245409108e-08
3.005008347245409108e-08
3.005008347245409108e-08
3.005008347245409108e-08
4.888146911519198233e-07
4.888146911519198233e-07
4.888146911519198233e-07
4.888146911519198233e-07
4.888146911519198233e-07
4.888146911519198233e-07
4.888146911519198233e-07
4.888146911519198233e-07
4.888146911519198233e-07
4.888146911519198233e-07
4.888146911519198233e-07
4.888146911519198233e-07
7.933222036727879568e-07
7.933222036727879568e-07
7.933222036727879568e-07
7.933222036727879568e-07
7.933222036727879568e-07
7.933222036727879568e-07
7.933222036727879568e-07
7.933222036727879568e-07
7.452420701168614428e-07
7.452420701168614428e-07
7.452420701168614428e-07
7.452420701168614428e-07
7.452420701168614428e-07
7.452420701168614428e-07
7.452420701168614428e-07
7.452420701168614428e-07
7.452420701168614428e-07
