3.505843071786310560e-07
3.505843071786310560e-07
3.505843071786310560e-07
3.505843071786310560e-07
3.505843071786310560e-07
3.505843071786310560e-07
3.505843071786310560e-07
3.505843071786310560e-07
3.505843071786310560e-07
3.505843071786310560e-07
8.974958263772954566e-07
8.974958263772954566e-07
8.974958263772954566e-07
8.974958263772954566e-07
8.974958263772954566e-07
8.974958263772954566e-07
8.974958263772954566e-07
8.974958263772954566e-07
8.974958263772954566e-07
8.974958263772954566e-07
8.974958263772954566e-07
8.974958263772954566e-07
8.974958263772954566e-07
8.974958263772954566e-07
4.006677796327212144e-08
4.006677796327212144e-08
4.006677796327212144e-08
4.006677796327212144e-08
4.006677796327212144e-08
4.006677796327212144e-08
4.006677796327212144e-08
4.006677796327212144e-08
4.006677796327212144e-08
4.006677796327212144e-08
4.006677796327212144e-08
4.006677796327212144e-08
4.006677796327212144e-08
5.268781302170283267e-07
5.268781302170283267e-07
5.268781302170283267e-07
5.268781302170283267e-07
5.268781302170283267e-07
5.268781302170283267e-07
5.268781302170283267e-07
5.268781302170283267e-07
5.268781302170283267e-07
5.268781302170283267e-07
5.268781302170283267e-07
6.470784641068447705e-07
6.470784641068447705e-07
6.470784641068447705e-07
6.470784641068447705e-07
6.470784641068447705e-07
6.470784641068447705e-07
6.470784641068447705e-07
6.470784641068447705e-07
6.470784641068447705e-07
6.470784641068447705e-07
6.470784641068447705e-07
6.470784641068447705e-07
1.143906510851418960e-06
1.143906510851418960e-06
1.143906510851418960e-06
1.143906510851418960e-06
1.143906510851418960e-06
1.143906510851418960e-06
1.143906510851418960e-06
1.143906510851418960e-06
1.143906510851418960e-06
