4.948247078464106508e-07
4.948247078464106508e-07
4.948247078464106508e-07
4.948247078464106508e-07
4.948247078464106508e-07
4.948247078464106508e-07
4.948247078464106508e-07
4.948247078464106508e-07
4.948247078464106508e-07
1.031719532554256988e-06
1.031719532554256988e-06
1.031719532554256988e-06
1.031719532554256988e-06
1.031719532554256988e-06
1.031719532554256988e-06
1.031719532554256988e-06
1.031719532554256988e-06
1.031719532554256988e-06
9.936560934891485904e-07
9.936560934891485904e-07
9.936560934891485904e-07
9.936560934891485904e-07
9.936560934891485904e-07
9.936560934891485904e-07
9.936560934891485904e-07
9.936560934891485904e-07
9.255425709515859496e-07
9.255425709515859496e-07
9.255425709515859496e-07
1.963272120200333977e-07
1.963272120200333977e-07
1.963272120200333977e-07
1.963272120200333977e-07
1.963272120200333977e-07
1.963272120200333977e-07
1.963272120200333977e-07
1.963272120200333977e-07
1.963272120200333977e-07
1.963272120200333977e-07
1.963272120200333977e-07
1.963272120200333977e-07
1.963272120200333977e-07
1.963272120200333977e-07
7.652754590984974638e-07
7.652754590984974638e-07
7.652754590984974638e-07
7.652754590984974638e-07
7.652754590984974638e-07
7.652754590984974638e-07
7.652754590984974638e-07
7.652754590984974638e-07
7.652754590984974638e-07
7.652754590984974638e-07
7.652754590984974638e-07
7.652754590984974638e-07
7.652754590984974638e-07
7.652754590984974638e-07
7.652754590984974638e-07
3.165275459098497355e-07
3.165275459098497355e-07
3.165275459098497355e-07
3.165275459098497355e-07
3.165275459098497355e-07
3.165275459098497355e-07
3.165275459098497355e-07
3.165275459098497355e-07
3.165275459098497355e-07
3.165275459098497355e-07
3.165275459098497355e-07
3.165275459098497355e-07
2.664440734557595771e-07
2.664440734557595771e-07
2.664440734557595771e-07
2.664440734557595771e-07
2.664440734557595771e-07
2.664440734557595771e-07
2.664440734557595771e-07
2.664440734557595771e-07
2.664440734557595771e-07
2.664440734557595771e-07
8.073455759599332562e-07
8.073455759599332562e-07
8.073455759599332562e-07
8.073455759599332562e-07
8.073455759599332562e-07
8.073455759599332562e-07
8.073455759599332562e-07
8.073455759599332562e-07
8.073455759599332562e-07
8.073455759599332562e-07
8.073455759599332562e-07
1.077796327212019963e-06
1.077796327212019963e-06
1.077796327212019963e-06
1.077796327212019963e-06
1.077796327212019963e-06
1.077796327212019963e-06
1.077796327212019963e-06
1.077796327212019963e-06
1.077796327212019963e-06
1.077796327212019963e-06
1.077796327212019963e-06
1.077796327212019963e-06
1.077796327212019963e-06
1.077796327212019963e-06
1.077796327212019963e-06
1.077796327212019963e-06
1.077796327212019963e-06
1.077796327212019963e-06
1.077796327212019963e-06
1.077796327212019963e-06
1.077796327212019963e-06
1.077796327212019963e-06
1.077796327212019963e-06
1.077796327212019963e-06
1.077796327212019963e-06
1.077796327212019963e-06
1.077796327212019963e-06
1.077796327212019963e-06
1.077796327212019963e-06
1.077796327212019963e-06
1.077796327212019963e-06
1.077796327212019963e-06
1.077796327212019963e-06
1.077796327212019963e-06
1.077796327212019963e-06
1.077796327212019963e-06
1.077796327212019963e-06
1.077796327212019963e-06
1.077796327212019963e-06
1.077796327212019963e-06
1.077796327212019963e-06
1.077796327212019963e-06
1.077796327212019963e-06
1.077796327212019963e-06
1.077796327212019963e-06
1.077796327212019963e-06
1.077796327212019963e-06
1.077796327212019963e-06
1.077796327212019963e-06
1.077796327212019963e-06
1.077796327212019963e-06
1.077796327212019963e-06
1.077796327212019963e-06
1.077796327212019963e-06
1.077796327212019963e-06
1.077796327212019963e-06
1.077796327212019963e-06
1.077796327212019963e-06
1.077796327212019963e-06
1.077796327212019963e-06
1.077796327212019963e-06
1.077796327212019963e-06
1.077796327212019963e-06
1.077796327212019963e-06
1.077796327212019963e-06
1.077796327212019963e-06
1.077796327212019963e-06
1.077796327212019963e-06
1.077796327212019963e-06
1.077796327212019963e-06
1.077796327212019963e-06
1.077796327212019963e-06
1.077796327212019963e-06
1.077796327212019963e-06
1.077796327212019963e-06
1.077796327212019963e-06
1.077796327212019963e-06
1.077796327212019963e-06
1.077796327212019963e-06
1.077796327212019963e-06
1.077796327212019963e-06
1.077796327212019963e-06
1.077796327212019963e-06
1.077796327212019963e-06
1.077796327212019963e-06
1.077796327212019963e-06
1.077796327212019963e-06
1.077796327212019963e-06
1.077796327212019963e-06
1.077796327212019963e-06
1.077796327212019963e-06
1.077796327212019963e-06
1.077796327212019963e-06
1.077796327212019963e-06
1.077796327212019963e-06
1.077796327212019963e-06
1.077796327212019963e-06
1.077796327212019963e-06
1.077796327212019963e-06
1.077796327212019963e-06
1.077796327212019963e-06
1.077796327212019963e-06
1.077796327212019963e-06
1.077796327212019963e-06
1.077796327212019963e-06
1.077796327212019963e-06
1.077796327212019963e-06
1.077796327212019963e-06
1.077796327212019963e-06
1.077796327212019963e-06
1.077796327212019963e-06
1.077796327212019963e-06
1.077796327212019963e-06
1.077796327212019963e-06
1.077796327212019963e-06
1.077796327212019963e-06
1.077796327212019963e-06
1.077796327212019963e-06
1.077796327212019963e-06
1.077796327212019963e-06
1.077796327212019963e-06
1.077796327212019963e-06
1.077796327212019963e-06
1.077796327212019963e-06
1.077796327212019963e-06
1.077796327212019963e-06
1.077796327212019963e-06
1.077796327212019963e-06
1.077796327212019963e-06
1.077796327212019963e-06
1.077796327212019963e-06
1.077796327212019963e-06
1.077796327212019963e-06
1.077796327212019963e-06
1.077796327212019963e-06
1.077796327212019963e-06
1.077796327212019963e-06
1.077796327212019963e-06
1.077796327212019963e-06
1.077796327212019963e-06
1.077796327212019963e-06
1.077796327212019963e-06
1.077796327212019963e-06
1.077796327212019963e-06
1.077796327212019963e-06
1.077796327212019963e-06
1.077796327212019963e-06
1.077796327212019963e-06
1.077796327212019963e-06
1.077796327212019963e-06
1.077796327212019963e-06
1.077796327212019963e-06
1.077796327212019963e-06
1.077796327212019963e-06
1.077796327212019963e-06
1.077796327212019963e-06
1.077796327212019963e-06
1.077796327212019963e-06
1.077796327212019963e-06
1.077796327212019963e-06
1.077796327212019963e-06
1.077796327212019963e-06
1.077796327212019963e-06
1.077796327212019963e-06
1.077796327212019963e-06
1.077796327212019963e-06
1.077796327212019963e-06
1.077796327212019963e-06
1.077796327212019963e-06
1.077796327212019963e-06
1.077796327212019963e-06
1.077796327212019963e-06
1.077796327212019963e-06
1.077796327212019963e-06
1.077796327212019963e-06
1.077796327212019963e-06
1.077796327212019963e-06
1.077796327212019963e-06
1.077796327212019963e-06
1.077796327212019963e-06
1.077796327212019963e-06
1.077796327212019963e-06
1.077796327212019963e-06
1.077796327212019963e-06
1.077796327212019963e-06
1.077796327212019963e-06
1.077796327212019963e-06
1.077796327212019963e-06
1.077796327212019963e-06
1.077796327212019963e-06
1.077796327212019963e-06
1.077796327212019963e-06
1.077796327212019963e-06
1.077796327212019963e-06
1.077796327212019963e-06
1.077796327212019963e-06
1.077796327212019963e-06
1.077796327212019963e-06
1.077796327212019963e-06
1.077796327212019963e-06
1.077796327212019963e-06
1.077796327212019963e-06
1.077796327212019963e-06
1.077796327212019963e-06
1.077796327212019963e-06
1.077796327212019963e-06
1.077796327212019963e-06
1.077796327212019963e-06
1.077796327212019963e-06
1.077796327212019963e-06
1.077796327212019963e-06
1.077796327212019963e-06
1.077796327212019963e-06
1.077796327212019963e-06
1.077796327212019963e-06
1.077796327212019963e-06
1.077796327212019963e-06
1.077796327212019963e-06
1.077796327212019963e-06
1.077796327212019963e-06
1.077796327212019963e-06
1.077796327212019963e-06
1.077796327212019963e-06
1.077796327212019963e-06
1.077796327212019963e-06
1.077796327212019963e-06
1.077796327212019963e-06
1.077796327212019963e-06
1.077796327212019963e-06
1.077796327212019963e-06
1.077796327212019963e-06
1.077796327212019963e-06
1.077796327212019963e-06
1.077796327212019963e-06
1.077796327212019963e-06
1.077796327212019963e-06
1.077796327212019963e-06
1.077796327212019963e-06
1.077796327212019963e-06
1.077796327212019963e-06
1.077796327212019963e-06
1.077796327212019963e-06
1.077796327212019963e-06
1.077796327212019963e-06
1.077796327212019963e-06
1.077796327212019963e-06
1.077796327212019963e-06
1.077796327212019963e-06
1.077796327212019963e-06
1.077796327212019963e-06
1.077796327212019963e-06
1.077796327212019963e-06
1.077796327212019963e-06
1.077796327212019963e-06
1.077796327212019963e-06
1.077796327212019963e-06
1.077796327212019963e-06
1.077796327212019963e-06
1.077796327212019963e-06
1.077796327212019963e-06
1.077796327212019963e-06
1.077796327212019963e-06
1.077796327212019963e-06
1.077796327212019963e-06
3.505843071786310560e-07
3.505843071786310560e-07
3.505843071786310560e-07
3.505843071786310560e-07
3.505843071786310560e-07
3.505843071786310560e-07
3.505843071786310560e-07
3.505843071786310560e-07
3.505843071786310560e-07
7.813021702838063812e-08
7.813021702838063812e-08
7.813021702838063812e-08
7.813021702838063812e-08
7.813021702838063812e-08
7.813021702838063812e-08
7.813021702838063812e-08
7.813021702838063812e-08
7.813021702838063812e-08
7.813021702838063812e-08
7.813021702838063812e-08
7.813021702838063812e-08
7.813021702838063812e-08
7.813021702838063812e-08
4.006677796327212144e-07
4.006677796327212144e-07
4.006677796327212144e-07
4.006677796327212144e-07
4.006677796327212144e-07
4.006677796327212144e-07
4.006677796327212144e-07
4.006677796327212144e-07
4.006677796327212144e-07
4.006677796327212144e-07
4.006677796327212144e-07
4.006677796327212144e-07
4.006677796327212144e-07
4.006677796327212144e-07
