5.669449081803004746e-07
5.669449081803004746e-07
5.669449081803004746e-07
5.669449081803004746e-07
5.669449081803004746e-07
5.669449081803004746e-07
5.669449081803004746e-07
5.669449081803004746e-07
5.669449081803004746e-07
5.669449081803004746e-07
5.669449081803004746e-07
5.669449081803004746e-07
1.099833055091819629e-06
1.099833055091819629e-06
1.099833055091819629e-06
1.099833055091819629e-06
1.099833055091819629e-06
1.099833055091819629e-06
1.099833055091819629e-06
1.099833055091819629e-06
1.099833055091819629e-06
1.099833055091819629e-06
1.099833055091819629e-06
1.099833055091819629e-06
1.099833055091819629e-06
1.099833055091819629e-06
1.099833055091819629e-06
1.099833055091819629e-06
8.193656093489148053e-07
8.193656093489148053e-07
8.193656093489148053e-07
8.193656093489148053e-07
8.193656093489148053e-07
8.193656093489148053e-07
8.193656093489148053e-07
8.193656093489148053e-07
8.193656093489148053e-07
8.193656093489148053e-07
8.193656093489148053e-07
8.193656093489148053e-07
8.193656093489148053e-07
3.846410684474123234e-07
3.846410684474123234e-07
3.846410684474123234e-07
3.846410684474123234e-07
3.846410684474123234e-07
3.846410684474123234e-07
3.846410684474123234e-07
3.846410684474123234e-07
3.846410684474123234e-07
3.846410684474123234e-07
3.846410684474123234e-07
3.846410684474123234e-07
3.786310517529215489e-07
3.786310517529215489e-07
3.786310517529215489e-07
3.786310517529215489e-07
3.786310517529215489e-07
3.786310517529215489e-07
3.786310517529215489e-07
3.786310517529215489e-07
3.786310517529215489e-07
3.786310517529215489e-07
3.425709515859766370e-07
3.425709515859766370e-07
3.425709515859766370e-07
3.425709515859766370e-07
3.425709515859766370e-07
3.425709515859766370e-07
3.425709515859766370e-07
2.664440734557595771e-07
2.664440734557595771e-07
2.664440734557595771e-07
2.664440734557595771e-07
2.664440734557595771e-07
2.664440734557595771e-07
2.664440734557595771e-07
2.664440734557595771e-07
3.866444073455759679e-07
3.866444073455759679e-07
3.866444073455759679e-07
3.866444073455759679e-07
3.866444073455759679e-07
3.866444073455759679e-07
3.866444073455759679e-07
3.866444073455759679e-07
3.866444073455759679e-07
3.866444073455759679e-07
3.866444073455759679e-07
3.866444073455759679e-07
3.866444073455759679e-07
3.866444073455759679e-07
3.866444073455759679e-07
4.707846410684473938e-07
4.707846410684473938e-07
1.181969949916527596e-07
1.181969949916527596e-07
1.181969949916527596e-07
1.181969949916527596e-07
1.181969949916527596e-07
1.181969949916527596e-07
1.181969949916527596e-07
1.181969949916527596e-07
1.181969949916527596e-07
1.181969949916527596e-07
1.181969949916527596e-07
1.181969949916527596e-07
9.896494156928213015e-07
9.896494156928213015e-07
9.896494156928213015e-07
9.896494156928213015e-07
9.896494156928213015e-07
9.896494156928213015e-07
9.896494156928213015e-07
9.896494156928213015e-07
9.896494156928213015e-07
9.896494156928213015e-07
9.896494156928213015e-07
9.896494156928213015e-07
9.896494156928213015e-07
9.896494156928213015e-07
4.687813021702838023e-07
4.687813021702838023e-07
4.687813021702838023e-07
4.687813021702838023e-07
4.687813021702838023e-07
4.687813021702838023e-07
4.687813021702838023e-07
4.687813021702838023e-07
4.687813021702838023e-07
4.687813021702838023e-07
4.687813021702838023e-07
7.993322203672787843e-07
7.993322203672787843e-07
7.993322203672787843e-07
7.993322203672787843e-07
7.993322203672787843e-07
7.993322203672787843e-07
7.993322203672787843e-07
7.993322203672787843e-07
7.993322203672787843e-07
7.993322203672787843e-07
7.993322203672787843e-07
7.993322203672787843e-07
8.914858096828046292e-07
8.914858096828046292e-07
8.914858096828046292e-07
8.914858096828046292e-07
8.914858096828046292e-07
8.914858096828046292e-07
8.914858096828046292e-07
8.914858096828046292e-07
8.914858096828046292e-07
8.914858096828046292e-07
8.914858096828046292e-07
8.914858096828046292e-07
7.873121869782971293e-07
7.873121869782971293e-07
7.873121869782971293e-07
7.873121869782971293e-07
7.873121869782971293e-07
7.873121869782971293e-07
7.873121869782971293e-07
7.873121869782971293e-07
7.873121869782971293e-07
7.873121869782971293e-07
7.873121869782971293e-07
2.604340567612688026e-07
2.604340567612688026e-07
2.604340567612688026e-07
2.604340567612688026e-07
2.604340567612688026e-07
2.604340567612688026e-07
2.604340567612688026e-07
2.604340567612688026e-07
2.604340567612688026e-07
2.604340567612688026e-07
2.604340567612688026e-07
2.604340567612688026e-07
4.307178631051752988e-07
4.307178631051752988e-07
4.307178631051752988e-07
4.307178631051752988e-07
4.307178631051752988e-07
4.307178631051752988e-07
4.307178631051752988e-07
4.307178631051752988e-07
4.307178631051752988e-07
4.307178631051752988e-07
4.307178631051752988e-07
4.307178631051752988e-07
4.307178631051752988e-07
1.101836393989983273e-06
1.101836393989983273e-06
1.101836393989983273e-06
1.101836393989983273e-06
1.101836393989983273e-06
1.101836393989983273e-06
1.101836393989983273e-06
1.101836393989983273e-06
1.101836393989983273e-06
1.101836393989983273e-06
1.101836393989983273e-06
1.101836393989983273e-06
1.101836393989983273e-06
1.101836393989983273e-06
2.303839732888146916e-07
2.303839732888146916e-07
2.303839732888146916e-07
2.303839732888146916e-07
2.303839732888146916e-07
2.303839732888146916e-07
2.303839732888146916e-07
2.303839732888146916e-07
2.303839732888146916e-07
2.303839732888146916e-07
2.303839732888146916e-07
2.303839732888146916e-07
1.502504173622704488e-07
1.502504173622704488e-07
1.502504173622704488e-07
1.502504173622704488e-07
1.502504173622704488e-07
1.502504173622704488e-07
1.502504173622704488e-07
1.502504173622704488e-07
1.502504173622704488e-07
1.502504173622704488e-07
1.502504173622704488e-07
1.502504173622704488e-07
1.502504173622704488e-07
1.502504173622704488e-07
1.502504173622704488e-07
9.836393989983305799e-07
9.836393989983305799e-07
9.836393989983305799e-07
9.836393989983305799e-07
9.836393989983305799e-07
9.836393989983305799e-07
9.836393989983305799e-07
9.836393989983305799e-07
9.836393989983305799e-07
9.836393989983305799e-07
9.836393989983305799e-07
9.836393989983305799e-07
9.836393989983305799e-07
1.622704507512520773e-07
1.622704507512520773e-07
1.622704507512520773e-07
1.622704507512520773e-07
1.622704507512520773e-07
1.622704507512520773e-07
1.622704507512520773e-07
1.622704507512520773e-07
1.622704507512520773e-07
1.622704507512520773e-07
1.622704507512520773e-07
1.622704507512520773e-07
1.622704507512520773e-07
8.714524207011686082e-07
8.714524207011686082e-07
8.714524207011686082e-07
8.714524207011686082e-07
8.714524207011686082e-07
8.714524207011686082e-07
8.714524207011686082e-07
8.714524207011686082e-07
8.714524207011686082e-07
8.714524207011686082e-07
8.714524207011686082e-07
8.714524207011686082e-07
8.714524207011686082e-07
8.714524207011686082e-07
4.367278797996661263e-07
4.367278797996661263e-07
4.367278797996661263e-07
4.367278797996661263e-07
4.367278797996661263e-07
4.367278797996661263e-07
4.367278797996661263e-07
4.808013355592654572e-07
4.808013355592654572e-07
4.808013355592654572e-07
4.808013355592654572e-07
4.808013355592654572e-07
4.808013355592654572e-07
4.808013355592654572e-07
4.808013355592654572e-07
4.808013355592654572e-07
4.808013355592654572e-07
4.808013355592654572e-07
4.808013355592654572e-07
4.808013355592654572e-07
4.808013355592654572e-07
4.808013355592654572e-07
2.003338898163605989e-09
2.003338898163605989e-09
2.003338898163605989e-09
2.003338898163605989e-09
2.003338898163605989e-09
2.003338898163605989e-09
1.133889816360600949e-06
1.133889816360600949e-06
1.133889816360600949e-06
1.133889816360600949e-06
1.133889816360600949e-06
1.133889816360600949e-06
1.133889816360600949e-06
1.133889816360600949e-06
1.133889816360600949e-06
6.310517529215359325e-07
6.310517529215359325e-07
6.310517529215359325e-07
6.310517529215359325e-07
6.310517529215359325e-07
6.310517529215359325e-07
6.310517529215359325e-07
6.310517529215359325e-07
6.310517529215359325e-07
6.731218697829716190e-07
6.731218697829716190e-07
6.731218697829716190e-07
6.731218697829716190e-07
6.731218697829716190e-07
6.731218697829716190e-07
6.731218697829716190e-07
6.731218697829716190e-07
6.731218697829716190e-07
5.008347245409015180e-08
5.008347245409015180e-08
5.008347245409015180e-08
5.008347245409015180e-08
5.008347245409015180e-08
5.008347245409015180e-08
5.008347245409015180e-08
5.008347245409015180e-08
5.008347245409015180e-08
5.008347245409015180e-08
5.008347245409015180e-08
7.532554257095158089e-07
7.532554257095158089e-07
7.532554257095158089e-07
7.532554257095158089e-07
7.532554257095158089e-07
7.532554257095158089e-07
7.532554257095158089e-07
7.532554257095158089e-07
7.532554257095158089e-07
7.532554257095158089e-07
6.410684474123539165e-08
6.410684474123539165e-08
6.410684474123539165e-08
6.410684474123539165e-08
6.410684474123539165e-08
6.410684474123539165e-08
6.410684474123539165e-08
6.410684474123539165e-08
6.410684474123539165e-08
6.410684474123539165e-08
6.410684474123539165e-08
6.410684474123539165e-08
6.410684474123539165e-08
6.410684474123539165e-08
1.055759599332220298e-06
1.055759599332220298e-06
1.055759599332220298e-06
1.055759599332220298e-06
1.055759599332220298e-06
1.055759599332220298e-06
1.055759599332220298e-06
1.055759599332220298e-06
1.055759599332220298e-06
1.055759599332220298e-06
1.055759599332220298e-06
1.055759599332220298e-06
3.405676126878130057e-08
3.405676126878130057e-08
3.405676126878130057e-08
3.405676126878130057e-08
3.405676126878130057e-08
3.405676126878130057e-08
3.405676126878130057e-08
3.405676126878130057e-08
3.405676126878130057e-08
3.405676126878130057e-08
3.405676126878130057e-08
3.405676126878130057e-08
4.006677796327211978e-09
4.006677796327211978e-09
4.006677796327211978e-09
4.006677796327211978e-09
4.006677796327211978e-09
4.006677796327211978e-09
4.006677796327211978e-09
4.006677796327211978e-09
4.006677796327211978e-09
4.006677796327211978e-09
4.006677796327211978e-09
4.006677796327211978e-09
4.006677796327211978e-09
4.006677796327211978e-09
9.616026711185309145e-07
9.616026711185309145e-07
9.616026711185309145e-07
9.616026711185309145e-07
9.616026711185309145e-07
9.616026711185309145e-07
9.616026711185309145e-07
9.616026711185309145e-07
9.616026711185309145e-07
9.616026711185309145e-07
9.616026711185309145e-07
9.616026711185309145e-07
9.616026711185309145e-07
9.616026711185309145e-07
9.616026711185309145e-07
9.616026711185309145e-07
9.616026711185309145e-07
9.616026711185309145e-07
9.616026711185309145e-07
9.616026711185309145e-07
9.616026711185309145e-07
9.616026711185309145e-07
9.616026711185309145e-07
9.616026711185309145e-07
9.616026711185309145e-07
9.616026711185309145e-07
9.616026711185309145e-07
9.616026711185309145e-07
9.616026711185309145e-07
9.616026711185309145e-07
9.616026711185309145e-07
9.616026711185309145e-07
9.616026711185309145e-07
9.616026711185309145e-07
9.616026711185309145e-07
9.616026711185309145e-07
9.616026711185309145e-07
9.616026711185309145e-07
9.616026711185309145e-07
9.616026711185309145e-07
9.616026711185309145e-07
9.616026711185309145e-07
9.616026711185309145e-07
9.616026711185309145e-07
9.616026711185309145e-07
9.616026711185309145e-07
9.616026711185309145e-07
9.616026711185309145e-07
9.616026711185309145e-07
9.616026711185309145e-07
9.616026711185309145e-07
9.616026711185309145e-07
9.616026711185309145e-07
9.616026711185309145e-07
9.616026711185309145e-07
9.616026711185309145e-07
9.616026711185309145e-07
9.616026711185309145e-07
9.616026711185309145e-07
9.616026711185309145e-07
9.616026711185309145e-07
9.616026711185309145e-07
9.616026711185309145e-07
9.616026711185309145e-07
9.616026711185309145e-07
9.616026711185309145e-07
9.616026711185309145e-07
9.616026711185309145e-07
9.616026711185309145e-07
9.616026711185309145e-07
9.616026711185309145e-07
9.616026711185309145e-07
9.616026711185309145e-07
9.616026711185309145e-07
9.616026711185309145e-07
9.616026711185309145e-07
9.616026711185309145e-07
9.616026711185309145e-07
9.616026711185309145e-07
9.616026711185309145e-07
9.616026711185309145e-07
9.616026711185309145e-07
9.616026711185309145e-07
9.616026711185309145e-07
9.616026711185309145e-07
9.616026711185309145e-07
9.616026711185309145e-07
9.616026711185309145e-07
9.616026711185309145e-07
9.616026711185309145e-07
9.616026711185309145e-07
9.616026711185309145e-07
9.616026711185309145e-07
9.616026711185309145e-07
9.616026711185309145e-07
9.616026711185309145e-07
9.616026711185309145e-07
9.616026711185309145e-07
9.616026711185309145e-07
9.616026711185309145e-07
9.616026711185309145e-07
9.616026711185309145e-07
9.616026711185309145e-07
9.616026711185309145e-07
9.616026711185309145e-07
9.616026711185309145e-07
9.616026711185309145e-07
9.616026711185309145e-07
9.616026711185309145e-07
9.616026711185309145e-07
9.616026711185309145e-07
9.616026711185309145e-07
9.616026711185309145e-07
9.616026711185309145e-07
9.616026711185309145e-07
9.616026711185309145e-07
9.616026711185309145e-07
9.616026711185309145e-07
9.616026711185309145e-07
9.616026711185309145e-07
9.616026711185309145e-07
9.616026711185309145e-07
9.616026711185309145e-07
9.616026711185309145e-07
9.616026711185309145e-07
9.616026711185309145e-07
9.616026711185309145e-07
9.616026711185309145e-07
9.616026711185309145e-07
9.616026711185309145e-07
9.616026711185309145e-07
9.616026711185309145e-07
9.616026711185309145e-07
9.616026711185309145e-07
9.616026711185309145e-07
9.616026711185309145e-07
9.616026711185309145e-07
9.616026711185309145e-07
9.616026711185309145e-07
9.616026711185309145e-07
9.616026711185309145e-07
9.616026711185309145e-07
9.616026711185309145e-07
9.616026711185309145e-07
9.616026711185309145e-07
9.616026711185309145e-07
9.616026711185309145e-07
9.616026711185309145e-07
9.616026711185309145e-07
9.616026711185309145e-07
9.616026711185309145e-07
9.616026711185309145e-07
9.616026711185309145e-07
9.616026711185309145e-07
9.616026711185309145e-07
9.616026711185309145e-07
9.616026711185309145e-07
9.616026711185309145e-07
9.616026711185309145e-07
9.616026711185309145e-07
9.616026711185309145e-07
9.616026711185309145e-07
9.616026711185309145e-07
9.616026711185309145e-07
9.616026711185309145e-07
9.616026711185309145e-07
9.616026711185309145e-07
9.616026711185309145e-07
9.616026711185309145e-07
9.616026711185309145e-07
9.616026711185309145e-07
9.616026711185309145e-07
9.616026711185309145e-07
9.616026711185309145e-07
9.616026711185309145e-07
9.616026711185309145e-07
9.616026711185309145e-07
9.616026711185309145e-07
9.616026711185309145e-07
9.616026711185309145e-07
9.616026711185309145e-07
9.616026711185309145e-07
9.616026711185309145e-07
9.616026711185309145e-07
9.616026711185309145e-07
9.616026711185309145e-07
9.616026711185309145e-07
9.616026711185309145e-07
9.616026711185309145e-07
9.616026711185309145e-07
9.616026711185309145e-07
9.616026711185309145e-07
9.616026711185309145e-07
9.616026711185309145e-07
9.616026711185309145e-07
9.616026711185309145e-07
9.616026711185309145e-07
9.616026711185309145e-07
9.616026711185309145e-07
9.616026711185309145e-07
9.616026711185309145e-07
9.616026711185309145e-07
9.616026711185309145e-07
9.616026711185309145e-07
9.616026711185309145e-07
9.616026711185309145e-07
9.616026711185309145e-07
9.616026711185309145e-07
9.616026711185309145e-07
9.616026711185309145e-07
9.616026711185309145e-07
9.616026711185309145e-07
9.616026711185309145e-07
9.616026711185309145e-07
9.616026711185309145e-07
9.616026711185309145e-07
9.616026711185309145e-07
9.616026711185309145e-07
9.616026711185309145e-07
9.616026711185309145e-07
9.616026711185309145e-07
9.616026711185309145e-07
9.616026711185309145e-07
9.616026711185309145e-07
9.616026711185309145e-07
9.616026711185309145e-07
9.616026711185309145e-07
9.616026711185309145e-07
9.616026711185309145e-07
9.616026711185309145e-07
9.616026711185309145e-07
9.616026711185309145e-07
9.616026711185309145e-07
9.616026711185309145e-07
9.616026711185309145e-07
9.616026711185309145e-07
9.616026711185309145e-07
9.616026711185309145e-07
9.616026711185309145e-07
9.616026711185309145e-07
9.616026711185309145e-07
9.616026711185309145e-07
9.616026711185309145e-07
9.616026711185309145e-07
9.616026711185309145e-07
9.616026711185309145e-07
9.616026711185309145e-07
9.616026711185309145e-07
9.616026711185309145e-07
9.616026711185309145e-07
9.616026711185309145e-07
9.616026711185309145e-07
9.616026711185309145e-07
9.616026711185309145e-07
9.616026711185309145e-07
2.464106844741235561e-07
2.464106844741235561e-07
2.464106844741235561e-07
2.464106844741235561e-07
2.464106844741235561e-07
2.464106844741235561e-07
2.464106844741235561e-07
2.464106844741235561e-07
2.464106844741235561e-07
2.464106844741235561e-07
2.464106844741235561e-07
2.464106844741235561e-07
4.828046744574289958e-07
4.828046744574289958e-07
4.828046744574289958e-07
4.828046744574289958e-07
4.828046744574289958e-07
4.828046744574289958e-07
4.828046744574289958e-07
4.828046744574289958e-07
4.828046744574289958e-07
4.828046744574289958e-07
2.464106844741235561e-07
2.464106844741235561e-07
2.464106844741235561e-07
2.464106844741235561e-07
2.464106844741235561e-07
2.464106844741235561e-07
2.464106844741235561e-07
2.464106844741235561e-07
2.464106844741235561e-07
2.464106844741235561e-07
8.393989983305509322e-07
8.393989983305509322e-07
8.393989983305509322e-07
8.393989983305509322e-07
8.393989983305509322e-07
8.393989983305509322e-07
8.393989983305509322e-07
8.393989983305509322e-07
8.393989983305509322e-07
8.393989983305509322e-07
1.202003338898163511e-08
1.202003338898163511e-08
1.202003338898163511e-08
1.202003338898163511e-08
1.202003338898163511e-08
1.202003338898163511e-08
1.202003338898163511e-08
1.202003338898163511e-08
1.202003338898163511e-08
1.202003338898163511e-08
1.202003338898163511e-08
1.202003338898163511e-08
1.202003338898163511e-08
1.202003338898163511e-08
1.067779632721201953e-06
1.067779632721201953e-06
1.067779632721201953e-06
1.067779632721201953e-06
1.067779632721201953e-06
1.067779632721201953e-06
1.067779632721201953e-06
1.067779632721201953e-06
1.067779632721201953e-06
1.067779632721201953e-06
1.067779632721201953e-06
1.067779632721201953e-06
1.067779632721201953e-06
1.067779632721201953e-06
8.834724540901502631e-07
8.834724540901502631e-07
8.834724540901502631e-07
8.834724540901502631e-07
8.834724540901502631e-07
8.834724540901502631e-07
8.834724540901502631e-07
8.834724540901502631e-07
7.232053422370617774e-07
7.232053422370617774e-07
7.232053422370617774e-07
7.232053422370617774e-07
7.232053422370617774e-07
7.232053422370617774e-07
7.232053422370617774e-07
7.232053422370617774e-07
7.232053422370617774e-07
7.232053422370617774e-07
7.232053422370617774e-07
7.232053422370617774e-07
7.232053422370617774e-07
7.232053422370617774e-07
3.405676126878130057e-08
3.405676126878130057e-08
3.405676126878130057e-08
3.405676126878130057e-08
3.405676126878130057e-08
3.405676126878130057e-08
3.405676126878130057e-08
3.405676126878130057e-08
3.405676126878130057e-08
3.405676126878130057e-08
3.405676126878130057e-08
3.405676126878130057e-08
3.405676126878130057e-08
3.405676126878130057e-08
4.146911519198664608e-07
4.146911519198664608e-07
4.146911519198664608e-07
4.146911519198664608e-07
4.146911519198664608e-07
4.146911519198664608e-07
4.146911519198664608e-07
4.146911519198664608e-07
4.146911519198664608e-07
4.146911519198664608e-07
4.006677796327212144e-08
4.006677796327212144e-08
4.006677796327212144e-08
4.006677796327212144e-08
4.006677796327212144e-08
4.006677796327212144e-08
4.006677796327212144e-08
4.006677796327212144e-08
1.322203672787979928e-07
1.322203672787979928e-07
1.322203672787979928e-07
1.322203672787979928e-07
1.322203672787979928e-07
1.322203672787979928e-07
1.322203672787979928e-07
1.322203672787979928e-07
1.322203672787979928e-07
4.086811352253756334e-07
4.086811352253756334e-07
4.086811352253756334e-07
4.086811352253756334e-07
4.086811352253756334e-07
4.086811352253756334e-07
4.086811352253756334e-07
4.086811352253756334e-07
4.086811352253756334e-07
4.086811352253756334e-07
4.086811352253756334e-07
4.086811352253756334e-07
7.432387312186977984e-07
7.432387312186977984e-07
7.432387312186977984e-07
7.432387312186977984e-07
7.432387312186977984e-07
7.432387312186977984e-07
7.432387312186977984e-07
7.432387312186977984e-07
7.432387312186977984e-07
7.432387312186977984e-07
7.432387312186977984e-07
7.432387312186977984e-07
7.432387312186977984e-07
7.432387312186977984e-07
8.414023372287145237e-08
8.414023372287145237e-08
8.414023372287145237e-08
8.414023372287145237e-08
8.414023372287145237e-08
8.414023372287145237e-08
3.545909849749582390e-07
3.545909849749582390e-07
3.545909849749582390e-07
3.545909849749582390e-07
3.545909849749582390e-07
3.545909849749582390e-07
3.545909849749582390e-07
3.545909849749582390e-07
3.545909849749582390e-07
3.545909849749582390e-07
3.545909849749582390e-07
3.545909849749582390e-07
3.545909849749582390e-07
