3.886477462437395594e-07
3.886477462437395594e-07
3.886477462437395594e-07
3.285475792988313905e-07
3.285475792988313905e-07
3.285475792988313905e-07
3.285475792988313905e-07
3.285475792988313905e-07
3.285475792988313905e-07
3.285475792988313905e-07
3.285475792988313905e-07
3.385642737896494010e-07
3.866444073455759679e-07
3.866444073455759679e-07
3.866444073455759679e-07
3.365609348914858095e-07
3.365609348914858095e-07
3.325542570951585735e-07
3.325542570951585735e-07
3.325542570951585735e-07
3.285475792988313905e-07
3.285475792988313905e-07
3.325542570951585735e-07
3.325542570951585735e-07
3.325542570951585735e-07
3.325542570951585735e-07
3.305509181969949820e-07
