3.365609348914858095e-07
3.365609348914858095e-07
3.365609348914858095e-07
3.365609348914858095e-07
3.926544240400667954e-07
3.926544240400667954e-07
3.926544240400667954e-07
3.926544240400667954e-07
3.926544240400667954e-07
3.926544240400667954e-07
3.926544240400667954e-07
3.926544240400667954e-07
3.305509181969949820e-07
3.305509181969949820e-07
3.305509181969949820e-07
3.305509181969949820e-07
3.305509181969949820e-07
3.305509181969949820e-07
3.305509181969949820e-07
3.305509181969949820e-07
3.305509181969949820e-07
3.305509181969949820e-07
3.265442404006677990e-07
3.265442404006677990e-07
3.265442404006677990e-07
3.265442404006677990e-07
3.265442404006677990e-07
3.265442404006677990e-07
3.265442404006677990e-07
3.265442404006677990e-07
