1.095826377295492552e-06
1.095826377295492552e-06
1.095826377295492552e-06
1.095826377295492552e-06
1.095826377295492552e-06
1.095826377295492552e-06
5.909849749582637846e-07
5.909849749582637846e-07
5.909849749582637846e-07
5.909849749582637846e-07
5.909849749582637846e-07
5.909849749582637846e-07
5.909849749582637846e-07
5.909849749582637846e-07
5.909849749582637846e-07
5.909849749582637846e-07
5.909849749582637846e-07
5.909849749582637846e-07
5.388981636060099817e-07
5.388981636060099817e-07
5.388981636060099817e-07
5.388981636060099817e-07
5.388981636060099817e-07
5.388981636060099817e-07
5.388981636060099817e-07
5.388981636060099817e-07
5.388981636060099817e-07
5.388981636060099817e-07
9.015025041736226661e-08
9.015025041736226661e-08
9.015025041736226661e-08
9.015025041736226661e-08
9.015025041736226661e-08
9.015025041736226661e-08
9.015025041736226661e-08
9.015025041736226661e-08
1.101836393989983273e-06
1.101836393989983273e-06
1.101836393989983273e-06
1.101836393989983273e-06
1.101836393989983273e-06
1.101836393989983273e-06
