1.131886477462437305e-06
1.131886477462437305e-06
1.131886477462437305e-06
1.131886477462437305e-06
1.131886477462437305e-06
1.131886477462437305e-06
1.131886477462437305e-06
1.131886477462437305e-06
5.028380634390651227e-07
5.028380634390651227e-07
5.028380634390651227e-07
5.028380634390651227e-07
5.028380634390651227e-07
3.806343906510851669e-08
1.382303839732888203e-07
3.806343906510851669e-08
1.382303839732888203e-07
3.806343906510851669e-08
1.382303839732888203e-07
3.806343906510851669e-08
1.382303839732888203e-07
3.806343906510851669e-08
1.382303839732888203e-07
3.806343906510851669e-08
1.382303839732888203e-07
3.806343906510851669e-08
1.382303839732888203e-07
3.806343906510851669e-08
1.382303839732888203e-07
3.806343906510851669e-08
1.382303839732888203e-07
3.806343906510851669e-08
1.382303839732888203e-07
3.806343906510851669e-08
1.382303839732888203e-07
7.752921535893154744e-07
7.752921535893154744e-07
7.752921535893154744e-07
7.752921535893154744e-07
7.752921535893154744e-07
7.752921535893154744e-07
7.752921535893154744e-07
6.831385642737896295e-07
6.831385642737896295e-07
6.831385642737896295e-07
6.831385642737896295e-07
6.831385642737896295e-07
6.831385642737896295e-07
6.831385642737896295e-07
6.831385642737896295e-07
8.674457429048414251e-07
8.674457429048414251e-07
8.674457429048414251e-07
8.674457429048414251e-07
8.674457429048414251e-07
8.674457429048414251e-07
8.674457429048414251e-07
8.674457429048414251e-07
4.407345575959933093e-08
4.407345575959933093e-08
4.407345575959933093e-08
4.407345575959933093e-08
4.407345575959933093e-08
4.407345575959933093e-08
4.407345575959933093e-08
4.407345575959933093e-08
4.407345575959933093e-08
4.407345575959933093e-08
4.407345575959933093e-08
4.407345575959933093e-08
4.407345575959933093e-08
4.407345575959933093e-08
4.407345575959933093e-08
