7.412353923205341539e-08
1.001669449081803036e-07
1.322203672787979928e-07
1.562604340567612762e-07
2.083472454090150262e-07
2.644407345575959856e-07
3.285475792988313905e-07
3.545909849749582390e-07
3.786310517529215489e-07
4.126878130217028164e-07
6.370617696160266541e-07
6.570951585976627810e-07
6.791318864774624464e-07
6.991652754590984674e-07
7.572621035058430978e-07
7.853088480801335907e-07
8.113522537562604392e-07
8.353923205342237492e-07
8.534223706176961257e-07
9.015025041736227456e-07
9.696160267111852805e-07
9.916527545909849460e-07
1.033722871452420632e-06
7.412353923205341539e-08
1.001669449081803036e-07
1.322203672787979928e-07
1.562604340567612762e-07
2.083472454090150262e-07
2.644407345575959856e-07
3.285475792988313905e-07
3.545909849749582390e-07
3.786310517529215489e-07
4.126878130217028164e-07
6.370617696160266541e-07
6.570951585976627810e-07
6.791318864774624464e-07
6.991652754590984674e-07
7.572621035058430978e-07
7.853088480801335907e-07
8.113522537562604392e-07
8.353923205342237492e-07
8.534223706176961257e-07
9.015025041736227456e-07
9.696160267111852805e-07
9.916527545909849460e-07
1.033722871452420632e-06
7.412353923205341539e-08
1.001669449081803036e-07
1.322203672787979928e-07
1.562604340567612762e-07
2.083472454090150262e-07
2.644407345575959856e-07
3.285475792988313905e-07
3.545909849749582390e-07
3.786310517529215489e-07
4.126878130217028164e-07
6.370617696160266541e-07
6.570951585976627810e-07
6.791318864774624464e-07
6.991652754590984674e-07
7.572621035058430978e-07
7.853088480801335907e-07
8.113522537562604392e-07
8.353923205342237492e-07
8.534223706176961257e-07
9.015025041736227456e-07
9.696160267111852805e-07
9.916527545909849460e-07
1.033722871452420632e-06
2.804674457429048302e-08
5.409015025041736129e-08
8.013355592654424287e-08
9.816360601001669884e-08
1.242070116861435738e-07
1.562604340567612762e-07
1.803005008347245332e-07
2.103505843071786177e-07
2.323873121869782832e-07
2.624373956594323941e-07
2.884808013355592426e-07
3.265442404006677990e-07
3.565943238731218834e-07
3.806343906510851404e-07
4.106844741235392249e-07
4.367278797996661263e-07
4.908180300500834677e-07
5.509181969949916367e-07
5.889816360601001401e-07
6.430717863105174816e-07
6.671118530884807915e-07
6.871452420701168125e-07
7.071786310517529394e-07
7.312186978297161434e-07
7.552587646076794533e-07
7.772954924874791188e-07
7.993322203672787843e-07
8.173622704507512667e-07
8.614357262103505976e-07
8.894824707846410906e-07
9.175292153589315835e-07
9.435726210350584320e-07
9.656093489148579916e-07
9.856427378964942244e-07
1.023706176961602622e-06
1.041736227045075210e-06
1.077796327212019963e-06
1.179966611018363925e-06
2.804674457429048302e-08
5.409015025041736129e-08
8.013355592654424287e-08
9.816360601001669884e-08
1.242070116861435738e-07
1.562604340567612762e-07
1.803005008347245332e-07
2.103505843071786177e-07
2.323873121869782832e-07
2.624373956594323941e-07
2.884808013355592426e-07
3.265442404006677990e-07
3.565943238731218834e-07
3.806343906510851404e-07
4.106844741235392249e-07
4.367278797996661263e-07
4.908180300500834677e-07
5.509181969949916367e-07
5.889816360601001401e-07
6.430717863105174816e-07
6.671118530884807915e-07
6.871452420701168125e-07
7.071786310517529394e-07
7.312186978297161434e-07
7.552587646076794533e-07
7.772954924874791188e-07
7.993322203672787843e-07
8.173622704507512667e-07
8.614357262103505976e-07
8.894824707846410906e-07
9.175292153589315835e-07
9.435726210350584320e-07
9.656093489148579916e-07
9.856427378964942244e-07
1.023706176961602622e-06
1.041736227045075210e-06
1.077796327212019963e-06
1.179966611018363925e-06
2.804674457429048302e-08
5.409015025041736129e-08
8.013355592654424287e-08
9.816360601001669884e-08
1.242070116861435738e-07
1.562604340567612762e-07
1.803005008347245332e-07
2.103505843071786177e-07
2.323873121869782832e-07
2.624373956594323941e-07
2.884808013355592426e-07
3.265442404006677990e-07
3.565943238731218834e-07
3.806343906510851404e-07
4.106844741235392249e-07
4.367278797996661263e-07
4.908180300500834677e-07
5.509181969949916367e-07
5.889816360601001401e-07
6.430717863105174816e-07
6.671118530884807915e-07
6.871452420701168125e-07
7.071786310517529394e-07
7.312186978297161434e-07
7.552587646076794533e-07
7.772954924874791188e-07
7.993322203672787843e-07
8.173622704507512667e-07
8.614357262103505976e-07
8.894824707846410906e-07
9.175292153589315835e-07
9.435726210350584320e-07
9.656093489148579916e-07
9.856427378964942244e-07
1.023706176961602622e-06
1.041736227045075210e-06
1.077796327212019963e-06
1.179966611018363925e-06
2.804674457429048302e-08
5.409015025041736129e-08
8.013355592654424287e-08
9.816360601001669884e-08
1.242070116861435738e-07
1.562604340567612762e-07
1.803005008347245332e-07
2.103505843071786177e-07
2.323873121869782832e-07
2.624373956594323941e-07
2.884808013355592426e-07
3.265442404006677990e-07
3.565943238731218834e-07
3.806343906510851404e-07
4.106844741235392249e-07
4.367278797996661263e-07
4.908180300500834677e-07
5.509181969949916367e-07
5.889816360601001401e-07
6.430717863105174816e-07
6.671118530884807915e-07
6.871452420701168125e-07
7.071786310517529394e-07
7.312186978297161434e-07
7.552587646076794533e-07
7.772954924874791188e-07
7.993322203672787843e-07
8.173622704507512667e-07
8.614357262103505976e-07
8.894824707846410906e-07
9.175292153589315835e-07
9.435726210350584320e-07
9.656093489148579916e-07
9.856427378964942244e-07
1.023706176961602622e-06
1.041736227045075210e-06
1.077796327212019963e-06
1.179966611018363925e-06
2.804674457429048302e-08
5.409015025041736129e-08
8.013355592654424287e-08
9.816360601001669884e-08
1.242070116861435738e-07
1.562604340567612762e-07
1.803005008347245332e-07
2.103505843071786177e-07
2.323873121869782832e-07
2.624373956594323941e-07
2.884808013355592426e-07
3.265442404006677990e-07
3.565943238731218834e-07
3.806343906510851404e-07
4.106844741235392249e-07
4.367278797996661263e-07
4.908180300500834677e-07
5.509181969949916367e-07
5.889816360601001401e-07
6.430717863105174816e-07
6.671118530884807915e-07
6.871452420701168125e-07
7.071786310517529394e-07
7.312186978297161434e-07
7.552587646076794533e-07
7.772954924874791188e-07
7.993322203672787843e-07
8.173622704507512667e-07
8.614357262103505976e-07
8.894824707846410906e-07
9.175292153589315835e-07
9.435726210350584320e-07
9.656093489148579916e-07
9.856427378964942244e-07
1.023706176961602622e-06
1.041736227045075210e-06
1.077796327212019963e-06
1.179966611018363925e-06
2.804674457429048302e-08
5.409015025041736129e-08
8.013355592654424287e-08
9.816360601001669884e-08
1.242070116861435738e-07
1.562604340567612762e-07
1.803005008347245332e-07
2.103505843071786177e-07
2.323873121869782832e-07
2.624373956594323941e-07
2.884808013355592426e-07
3.265442404006677990e-07
3.565943238731218834e-07
3.806343906510851404e-07
4.106844741235392249e-07
4.367278797996661263e-07
4.908180300500834677e-07
5.509181969949916367e-07
5.889816360601001401e-07
6.430717863105174816e-07
6.671118530884807915e-07
6.871452420701168125e-07
7.071786310517529394e-07
7.312186978297161434e-07
7.552587646076794533e-07
7.772954924874791188e-07
7.993322203672787843e-07
8.173622704507512667e-07
8.614357262103505976e-07
8.894824707846410906e-07
9.175292153589315835e-07
9.435726210350584320e-07
9.656093489148579916e-07
9.856427378964942244e-07
1.023706176961602622e-06
1.041736227045075210e-06
1.077796327212019963e-06
1.179966611018363925e-06
2.804674457429048302e-08
5.409015025041736129e-08
8.013355592654424287e-08
9.816360601001669884e-08
1.242070116861435738e-07
1.562604340567612762e-07
1.803005008347245332e-07
2.103505843071786177e-07
2.323873121869782832e-07
2.624373956594323941e-07
2.884808013355592426e-07
3.265442404006677990e-07
3.565943238731218834e-07
3.806343906510851404e-07
4.106844741235392249e-07
4.367278797996661263e-07
4.908180300500834677e-07
5.509181969949916367e-07
5.889816360601001401e-07
6.430717863105174816e-07
6.671118530884807915e-07
6.871452420701168125e-07
7.071786310517529394e-07
7.312186978297161434e-07
7.552587646076794533e-07
7.772954924874791188e-07
7.993322203672787843e-07
8.173622704507512667e-07
8.614357262103505976e-07
8.894824707846410906e-07
9.175292153589315835e-07
9.435726210350584320e-07
9.656093489148579916e-07
9.856427378964942244e-07
1.023706176961602622e-06
1.041736227045075210e-06
1.077796327212019963e-06
1.179966611018363925e-06
