2.243739565943238642e-07
2.243739565943238642e-07
2.243739565943238642e-07
2.243739565943238642e-07
2.243739565943238642e-07
2.243739565943238642e-07
2.243739565943238642e-07
2.243739565943238642e-07
2.243739565943238642e-07
1.502504173622704488e-07
1.502504173622704488e-07
1.502504173622704488e-07
1.502504173622704488e-07
1.502504173622704488e-07
1.502504173622704488e-07
3.465776293823038200e-07
3.465776293823038200e-07
3.465776293823038200e-07
3.465776293823038200e-07
3.465776293823038200e-07
3.465776293823038200e-07
3.465776293823038200e-07
3.465776293823038200e-07
3.465776293823038200e-07
3.465776293823038200e-07
1.462437395659432393e-07
1.462437395659432393e-07
1.462437395659432393e-07
1.462437395659432393e-07
1.462437395659432393e-07
1.462437395659432393e-07
1.462437395659432393e-07
1.462437395659432393e-07
1.462437395659432393e-07
1.462437395659432393e-07
1.462437395659432393e-07
1.462437395659432393e-07
1.462437395659432393e-07
1.462437395659432393e-07
1.462437395659432393e-07
1.462437395659432393e-07
1.462437395659432393e-07
1.462437395659432393e-07
1.462437395659432393e-07
1.462437395659432393e-07
1.462437395659432393e-07
1.462437395659432393e-07
1.462437395659432393e-07
1.462437395659432393e-07
1.462437395659432393e-07
1.462437395659432393e-07
1.462437395659432393e-07
1.462437395659432393e-07
1.462437395659432393e-07
1.462437395659432393e-07
1.462437395659432393e-07
1.462437395659432393e-07
1.462437395659432393e-07
1.462437395659432393e-07
1.462437395659432393e-07
1.462437395659432393e-07
1.462437395659432393e-07
1.462437395659432393e-07
1.462437395659432393e-07
1.462437395659432393e-07
1.462437395659432393e-07
1.462437395659432393e-07
1.462437395659432393e-07
1.462437395659432393e-07
1.462437395659432393e-07
1.462437395659432393e-07
1.462437395659432393e-07
1.462437395659432393e-07
1.462437395659432393e-07
1.462437395659432393e-07
1.462437395659432393e-07
1.462437395659432393e-07
1.462437395659432393e-07
1.462437395659432393e-07
1.462437395659432393e-07
1.462437395659432393e-07
1.462437395659432393e-07
1.462437395659432393e-07
1.462437395659432393e-07
1.462437395659432393e-07
1.462437395659432393e-07
1.462437395659432393e-07
1.462437395659432393e-07
1.462437395659432393e-07
1.462437395659432393e-07
1.462437395659432393e-07
1.462437395659432393e-07
1.462437395659432393e-07
1.462437395659432393e-07
1.462437395659432393e-07
1.462437395659432393e-07
1.462437395659432393e-07
1.462437395659432393e-07
1.462437395659432393e-07
1.462437395659432393e-07
1.462437395659432393e-07
1.462437395659432393e-07
1.462437395659432393e-07
1.462437395659432393e-07
1.462437395659432393e-07
1.462437395659432393e-07
1.462437395659432393e-07
1.462437395659432393e-07
1.462437395659432393e-07
1.462437395659432393e-07
1.462437395659432393e-07
1.462437395659432393e-07
1.462437395659432393e-07
1.462437395659432393e-07
1.462437395659432393e-07
1.462437395659432393e-07
1.462437395659432393e-07
1.462437395659432393e-07
1.462437395659432393e-07
1.462437395659432393e-07
1.462437395659432393e-07
1.462437395659432393e-07
1.462437395659432393e-07
1.462437395659432393e-07
1.462437395659432393e-07
1.462437395659432393e-07
1.462437395659432393e-07
1.462437395659432393e-07
1.462437395659432393e-07
1.462437395659432393e-07
1.462437395659432393e-07
1.462437395659432393e-07
1.462437395659432393e-07
1.462437395659432393e-07
1.462437395659432393e-07
1.462437395659432393e-07
1.462437395659432393e-07
1.462437395659432393e-07
1.462437395659432393e-07
1.462437395659432393e-07
1.462437395659432393e-07
1.462437395659432393e-07
1.462437395659432393e-07
1.462437395659432393e-07
1.462437395659432393e-07
1.462437395659432393e-07
1.462437395659432393e-07
1.462437395659432393e-07
1.462437395659432393e-07
1.462437395659432393e-07
1.462437395659432393e-07
1.462437395659432393e-07
1.462437395659432393e-07
1.462437395659432393e-07
1.462437395659432393e-07
1.462437395659432393e-07
1.462437395659432393e-07
1.462437395659432393e-07
1.462437395659432393e-07
1.462437395659432393e-07
1.462437395659432393e-07
1.462437395659432393e-07
1.462437395659432393e-07
1.462437395659432393e-07
1.462437395659432393e-07
1.462437395659432393e-07
1.462437395659432393e-07
1.462437395659432393e-07
1.462437395659432393e-07
1.462437395659432393e-07
1.462437395659432393e-07
1.462437395659432393e-07
1.462437395659432393e-07
1.462437395659432393e-07
1.462437395659432393e-07
1.462437395659432393e-07
1.462437395659432393e-07
1.462437395659432393e-07
1.462437395659432393e-07
1.462437395659432393e-07
1.462437395659432393e-07
1.462437395659432393e-07
1.462437395659432393e-07
1.462437395659432393e-07
1.462437395659432393e-07
1.462437395659432393e-07
1.462437395659432393e-07
1.462437395659432393e-07
1.462437395659432393e-07
1.462437395659432393e-07
1.462437395659432393e-07
1.462437395659432393e-07
1.462437395659432393e-07
1.462437395659432393e-07
1.462437395659432393e-07
1.462437395659432393e-07
1.462437395659432393e-07
1.462437395659432393e-07
1.462437395659432393e-07
1.462437395659432393e-07
1.462437395659432393e-07
1.462437395659432393e-07
1.462437395659432393e-07
1.462437395659432393e-07
1.462437395659432393e-07
1.462437395659432393e-07
1.462437395659432393e-07
1.462437395659432393e-07
1.462437395659432393e-07
1.462437395659432393e-07
4.287145242070117073e-07
4.507512520868113728e-07
4.287145242070117073e-07
4.507512520868113728e-07
4.287145242070117073e-07
4.507512520868113728e-07
4.287145242070117073e-07
4.507512520868113728e-07
4.287145242070117073e-07
4.507512520868113728e-07
4.287145242070117073e-07
4.507512520868113728e-07
1.422370617696160298e-07
1.422370617696160298e-07
1.422370617696160298e-07
1.422370617696160298e-07
1.422370617696160298e-07
1.422370617696160298e-07
1.422370617696160298e-07
1.422370617696160298e-07
1.422370617696160298e-07
1.422370617696160298e-07
1.422370617696160298e-07
1.422370617696160298e-07
1.422370617696160298e-07
1.422370617696160298e-07
1.422370617696160298e-07
1.422370617696160298e-07
6.250417362270451050e-07
6.250417362270451050e-07
6.250417362270451050e-07
6.250417362270451050e-07
6.250417362270451050e-07
6.250417362270451050e-07
6.250417362270451050e-07
3.425709515859766370e-07
4.607679465776293833e-07
3.425709515859766370e-07
4.607679465776293833e-07
3.425709515859766370e-07
4.607679465776293833e-07
3.425709515859766370e-07
4.607679465776293833e-07
3.425709515859766370e-07
4.607679465776293833e-07
3.425709515859766370e-07
4.607679465776293833e-07
5.929883138564273231e-07
6.210350584307178161e-07
5.929883138564273231e-07
6.210350584307178161e-07
5.929883138564273231e-07
6.210350584307178161e-07
5.929883138564273231e-07
6.210350584307178161e-07
5.929883138564273231e-07
6.210350584307178161e-07
5.929883138564273231e-07
6.210350584307178161e-07
5.929883138564273231e-07
6.210350584307178161e-07
5.929883138564273231e-07
6.210350584307178161e-07
5.929883138564273231e-07
6.210350584307178161e-07
5.929883138564273231e-07
6.210350584307178161e-07
1.462437395659432393e-07
1.462437395659432393e-07
1.462437395659432393e-07
1.462437395659432393e-07
1.462437395659432393e-07
1.462437395659432393e-07
1.462437395659432393e-07
1.462437395659432393e-07
1.462437395659432393e-07
1.462437395659432393e-07
1.462437395659432393e-07
1.462437395659432393e-07
1.462437395659432393e-07
1.462437395659432393e-07
1.462437395659432393e-07
2.003338898163606072e-07
2.003338898163606072e-07
2.003338898163606072e-07
2.003338898163606072e-07
2.003338898163606072e-07
9.015025041736226661e-08
9.015025041736226661e-08
9.015025041736226661e-08
9.015025041736226661e-08
9.015025041736226661e-08
9.015025041736226661e-08
9.015025041736226661e-08
9.015025041736226661e-08
9.015025041736226661e-08
9.015025041736226661e-08
9.015025041736226661e-08
9.015025041736226661e-08
9.015025041736226661e-08
9.015025041736226661e-08
9.015025041736226661e-08
9.015025041736226661e-08
9.015025041736226661e-08
9.015025041736226661e-08
9.015025041736226661e-08
9.015025041736226661e-08
9.015025041736226661e-08
9.015025041736226661e-08
9.015025041736226661e-08
9.015025041736226661e-08
9.015025041736226661e-08
9.015025041736226661e-08
9.015025041736226661e-08
9.015025041736226661e-08
9.015025041736226661e-08
9.015025041736226661e-08
9.015025041736226661e-08
9.015025041736226661e-08
9.015025041736226661e-08
9.015025041736226661e-08
9.015025041736226661e-08
9.015025041736226661e-08
9.015025041736226661e-08
9.015025041736226661e-08
9.015025041736226661e-08
9.015025041736226661e-08
9.015025041736226661e-08
9.015025041736226661e-08
9.015025041736226661e-08
9.015025041736226661e-08
9.015025041736226661e-08
9.015025041736226661e-08
9.015025041736226661e-08
9.015025041736226661e-08
9.015025041736226661e-08
9.015025041736226661e-08
9.015025041736226661e-08
9.015025041736226661e-08
9.015025041736226661e-08
9.015025041736226661e-08
9.015025041736226661e-08
9.015025041736226661e-08
9.015025041736226661e-08
9.015025041736226661e-08
9.015025041736226661e-08
9.015025041736226661e-08
9.015025041736226661e-08
9.015025041736226661e-08
9.015025041736226661e-08
9.015025041736226661e-08
9.015025041736226661e-08
9.015025041736226661e-08
9.015025041736226661e-08
9.015025041736226661e-08
9.015025041736226661e-08
9.015025041736226661e-08
9.015025041736226661e-08
9.015025041736226661e-08
9.015025041736226661e-08
9.015025041736226661e-08
9.015025041736226661e-08
9.015025041736226661e-08
9.015025041736226661e-08
9.015025041736226661e-08
9.015025041736226661e-08
9.015025041736226661e-08
9.015025041736226661e-08
9.015025041736226661e-08
9.015025041736226661e-08
9.015025041736226661e-08
9.015025041736226661e-08
9.015025041736226661e-08
9.015025041736226661e-08
9.015025041736226661e-08
9.015025041736226661e-08
9.015025041736226661e-08
9.015025041736226661e-08
9.015025041736226661e-08
9.015025041736226661e-08
9.015025041736226661e-08
9.015025041736226661e-08
9.015025041736226661e-08
9.015025041736226661e-08
9.015025041736226661e-08
9.015025041736226661e-08
9.015025041736226661e-08
9.015025041736226661e-08
9.015025041736226661e-08
9.015025041736226661e-08
9.015025041736226661e-08
9.015025041736226661e-08
9.015025041736226661e-08
9.015025041736226661e-08
9.015025041736226661e-08
9.015025041736226661e-08
9.015025041736226661e-08
9.015025041736226661e-08
9.015025041736226661e-08
9.015025041736226661e-08
9.015025041736226661e-08
9.015025041736226661e-08
9.015025041736226661e-08
9.015025041736226661e-08
9.015025041736226661e-08
9.015025041736226661e-08
9.015025041736226661e-08
9.015025041736226661e-08
9.015025041736226661e-08
9.015025041736226661e-08
9.015025041736226661e-08
9.015025041736226661e-08
9.015025041736226661e-08
9.015025041736226661e-08
9.015025041736226661e-08
9.015025041736226661e-08
9.015025041736226661e-08
9.015025041736226661e-08
9.015025041736226661e-08
9.015025041736226661e-08
9.015025041736226661e-08
9.015025041736226661e-08
9.015025041736226661e-08
9.015025041736226661e-08
9.015025041736226661e-08
9.015025041736226661e-08
9.015025041736226661e-08
9.015025041736226661e-08
9.015025041736226661e-08
9.015025041736226661e-08
9.015025041736226661e-08
9.015025041736226661e-08
9.015025041736226661e-08
9.015025041736226661e-08
9.015025041736226661e-08
9.015025041736226661e-08
9.015025041736226661e-08
9.015025041736226661e-08
9.015025041736226661e-08
9.015025041736226661e-08
9.015025041736226661e-08
9.015025041736226661e-08
9.015025041736226661e-08
9.015025041736226661e-08
9.015025041736226661e-08
9.015025041736226661e-08
9.015025041736226661e-08
9.015025041736226661e-08
9.015025041736226661e-08
9.015025041736226661e-08
9.015025041736226661e-08
9.015025041736226661e-08
9.015025041736226661e-08
9.015025041736226661e-08
9.015025041736226661e-08
9.015025041736226661e-08
9.015025041736226661e-08
9.015025041736226661e-08
9.015025041736226661e-08
9.015025041736226661e-08
9.015025041736226661e-08
9.015025041736226661e-08
9.015025041736226661e-08
9.015025041736226661e-08
9.015025041736226661e-08
9.015025041736226661e-08
9.015025041736226661e-08
9.015025041736226661e-08
9.015025041736226661e-08
9.015025041736226661e-08
9.015025041736226661e-08
9.015025041736226661e-08
9.015025041736226661e-08
9.015025041736226661e-08
9.015025041736226661e-08
9.015025041736226661e-08
9.015025041736226661e-08
9.015025041736226661e-08
9.015025041736226661e-08
9.015025041736226661e-08
9.015025041736226661e-08
9.015025041736226661e-08
9.015025041736226661e-08
9.015025041736226661e-08
9.015025041736226661e-08
9.015025041736226661e-08
9.015025041736226661e-08
9.015025041736226661e-08
9.015025041736226661e-08
9.015025041736226661e-08
9.015025041736226661e-08
9.015025041736226661e-08
9.015025041736226661e-08
9.015025041736226661e-08
9.015025041736226661e-08
9.015025041736226661e-08
9.015025041736226661e-08
9.015025041736226661e-08
9.015025041736226661e-08
9.015025041736226661e-08
9.015025041736226661e-08
9.015025041736226661e-08
9.015025041736226661e-08
9.015025041736226661e-08
9.015025041736226661e-08
9.015025041736226661e-08
9.015025041736226661e-08
9.015025041736226661e-08
9.015025041736226661e-08
9.015025041736226661e-08
9.015025041736226661e-08
4.547579298831385558e-07
4.547579298831385558e-07
4.547579298831385558e-07
4.547579298831385558e-07
4.547579298831385558e-07
4.547579298831385558e-07
4.547579298831385558e-07
6.330550918196994710e-07
6.330550918196994710e-07
6.330550918196994710e-07
6.330550918196994710e-07
6.330550918196994710e-07
6.330550918196994710e-07
6.330550918196994710e-07
6.150250417362269886e-07
6.150250417362269886e-07
6.150250417362269886e-07
6.150250417362269886e-07
6.150250417362269886e-07
6.150250417362269886e-07
6.150250417362269886e-07
6.150250417362269886e-07
6.150250417362269886e-07
6.150250417362269886e-07
6.150250417362269886e-07
6.150250417362269886e-07
1.422370617696160298e-07
1.422370617696160298e-07
1.422370617696160298e-07
1.422370617696160298e-07
1.422370617696160298e-07
1.422370617696160298e-07
1.422370617696160298e-07
5.429048414023372706e-07
5.429048414023372706e-07
5.429048414023372706e-07
5.429048414023372706e-07
5.429048414023372706e-07
5.429048414023372706e-07
5.429048414023372706e-07
5.429048414023372706e-07
5.429048414023372706e-07
5.429048414023372706e-07
5.429048414023372706e-07
5.429048414023372706e-07
5.429048414023372706e-07
5.429048414023372706e-07
5.429048414023372706e-07
5.429048414023372706e-07
3.505843071786310560e-07
3.505843071786310560e-07
3.505843071786310560e-07
3.505843071786310560e-07
3.505843071786310560e-07
3.505843071786310560e-07
3.505843071786310560e-07
3.505843071786310560e-07
8.414023372287145237e-08
8.414023372287145237e-08
8.414023372287145237e-08
8.414023372287145237e-08
8.414023372287145237e-08
8.414023372287145237e-08
8.414023372287145237e-08
1.702838063439064963e-07
1.702838063439064963e-07
1.702838063439064963e-07
1.702838063439064963e-07
1.702838063439064963e-07
1.702838063439064963e-07
1.043739565943238643e-06
1.043739565943238643e-06
1.043739565943238643e-06
1.043739565943238643e-06
1.043739565943238643e-06
1.043739565943238643e-06
1.043739565943238643e-06
1.043739565943238643e-06
1.043739565943238643e-06
1.043739565943238643e-06
1.043739565943238643e-06
1.043739565943238643e-06
1.043739565943238643e-06
1.502504173622704488e-07
5.108514190317194888e-07
5.409015025041736262e-07
1.502504173622704488e-07
5.108514190317194888e-07
5.409015025041736262e-07
1.502504173622704488e-07
5.108514190317194888e-07
5.409015025041736262e-07
1.502504173622704488e-07
5.108514190317194888e-07
5.409015025041736262e-07
1.502504173622704488e-07
5.108514190317194888e-07
5.409015025041736262e-07
1.502504173622704488e-07
5.108514190317194888e-07
5.409015025041736262e-07
1.502504173622704488e-07
5.108514190317194888e-07
5.409015025041736262e-07
1.502504173622704488e-07
5.108514190317194888e-07
5.409015025041736262e-07
1.502504173622704488e-07
5.108514190317194888e-07
5.409015025041736262e-07
1.502504173622704488e-07
5.108514190317194888e-07
5.409015025041736262e-07
1.502504173622704488e-07
5.108514190317194888e-07
5.409015025041736262e-07
1.502504173622704488e-07
5.108514190317194888e-07
5.409015025041736262e-07
1.502504173622704488e-07
5.108514190317194888e-07
5.409015025041736262e-07
1.157929883138564259e-06
1.157929883138564259e-06
1.157929883138564259e-06
1.157929883138564259e-06
1.157929883138564259e-06
1.157929883138564259e-06
1.157929883138564259e-06
1.157929883138564259e-06
1.157929883138564259e-06
1.157929883138564259e-06
1.157929883138564259e-06
1.157929883138564259e-06
1.943238731218697797e-07
1.943238731218697797e-07
1.943238731218697797e-07
1.943238731218697797e-07
1.943238731218697797e-07
1.943238731218697797e-07
1.943238731218697797e-07
1.482470784641068308e-07
1.482470784641068308e-07
1.482470784641068308e-07
1.482470784641068308e-07
1.482470784641068308e-07
1.482470784641068308e-07
1.482470784641068308e-07
1.482470784641068308e-07
1.682804674457429047e-07
1.682804674457429047e-07
1.682804674457429047e-07
1.682804674457429047e-07
1.682804674457429047e-07
1.682804674457429047e-07
1.682804674457429047e-07
1.682804674457429047e-07
1.682804674457429047e-07
1.963272120200333977e-07
1.963272120200333977e-07
1.963272120200333977e-07
1.963272120200333977e-07
1.963272120200333977e-07
1.963272120200333977e-07
1.963272120200333977e-07
1.963272120200333977e-07
1.963272120200333977e-07
1.963272120200333977e-07
1.963272120200333977e-07
1.963272120200333977e-07
1.963272120200333977e-07
1.963272120200333977e-07
1.963272120200333977e-07
1.963272120200333977e-07
1.963272120200333977e-07
1.402337228714524118e-07
1.402337228714524118e-07
1.402337228714524118e-07
1.402337228714524118e-07
1.402337228714524118e-07
1.402337228714524118e-07
1.402337228714524118e-07
1.402337228714524118e-07
1.402337228714524118e-07
1.402337228714524118e-07
1.402337228714524118e-07
1.402337228714524118e-07
1.382303839732888203e-07
1.382303839732888203e-07
1.422370617696160298e-07
1.422370617696160298e-07
1.422370617696160298e-07
1.422370617696160298e-07
1.422370617696160298e-07
1.422370617696160298e-07
1.422370617696160298e-07
1.422370617696160298e-07
1.422370617696160298e-07
1.422370617696160298e-07
1.422370617696160298e-07
1.422370617696160298e-07
1.402337228714524118e-07
1.402337228714524118e-07
1.402337228714524118e-07
1.402337228714524118e-07
1.402337228714524118e-07
1.402337228714524118e-07
1.402337228714524118e-07
1.402337228714524118e-07
1.402337228714524118e-07
1.402337228714524118e-07
1.402337228714524118e-07
1.402337228714524118e-07
1.402337228714524118e-07
1.402337228714524118e-07
1.422370617696160298e-07
1.422370617696160298e-07
1.422370617696160298e-07
1.422370617696160298e-07
1.422370617696160298e-07
1.422370617696160298e-07
1.362270450751252023e-07
1.362270450751252023e-07
1.362270450751252023e-07
1.362270450751252023e-07
1.362270450751252023e-07
1.362270450751252023e-07
1.362270450751252023e-07
1.362270450751252023e-07
1.362270450751252023e-07
1.123873121869782939e-06
1.123873121869782939e-06
1.123873121869782939e-06
1.123873121869782939e-06
1.123873121869782939e-06
1.502504173622704488e-07
1.502504173622704488e-07
1.502504173622704488e-07
1.502504173622704488e-07
1.502504173622704488e-07
1.502504173622704488e-07
1.502504173622704488e-07
1.502504173622704488e-07
1.502504173622704488e-07
1.502504173622704488e-07
1.502504173622704488e-07
1.502504173622704488e-07
1.502504173622704488e-07
1.502504173622704488e-07
5.028380634390651227e-07
5.028380634390651227e-07
5.028380634390651227e-07
5.028380634390651227e-07
5.028380634390651227e-07
5.028380634390651227e-07
5.028380634390651227e-07
5.028380634390651227e-07
1.462437395659432393e-07
1.462437395659432393e-07
1.462437395659432393e-07
1.462437395659432393e-07
1.462437395659432393e-07
1.462437395659432393e-07
1.462437395659432393e-07
1.442404006677796213e-07
1.442404006677796213e-07
1.442404006677796213e-07
1.442404006677796213e-07
1.442404006677796213e-07
1.442404006677796213e-07
1.442404006677796213e-07
1.442404006677796213e-07
1.442404006677796213e-07
1.442404006677796213e-07
