3.245409015025041545e-07
3.245409015025041545e-07
3.245409015025041545e-07
3.245409015025041545e-07
3.245409015025041545e-07
3.245409015025041545e-07
3.245409015025041545e-07
3.245409015025041545e-07
3.245409015025041545e-07
3.245409015025041545e-07
3.245409015025041545e-07
3.365609348914858095e-07
3.365609348914858095e-07
3.365609348914858095e-07
3.365609348914858095e-07
3.365609348914858095e-07
3.365609348914858095e-07
3.365609348914858095e-07
3.365609348914858095e-07
3.325542570951585735e-07
3.525876460767946475e-07
3.325542570951585735e-07
3.525876460767946475e-07
3.325542570951585735e-07
3.525876460767946475e-07
3.325542570951585735e-07
3.525876460767946475e-07
3.325542570951585735e-07
3.525876460767946475e-07
3.325542570951585735e-07
3.525876460767946475e-07
3.325542570951585735e-07
3.525876460767946475e-07
3.325542570951585735e-07
3.525876460767946475e-07
3.325542570951585735e-07
3.325542570951585735e-07
3.325542570951585735e-07
3.325542570951585735e-07
3.325542570951585735e-07
3.325542570951585735e-07
3.806343906510851404e-07
3.806343906510851404e-07
3.806343906510851404e-07
3.806343906510851404e-07
3.806343906510851404e-07
3.806343906510851404e-07
3.806343906510851404e-07
3.385642737896494010e-07
3.385642737896494010e-07
3.385642737896494010e-07
3.385642737896494010e-07
3.325542570951585735e-07
3.325542570951585735e-07
3.325542570951585735e-07
3.325542570951585735e-07
3.325542570951585735e-07
3.325542570951585735e-07
3.325542570951585735e-07
3.325542570951585735e-07
3.325542570951585735e-07
3.325542570951585735e-07
3.325542570951585735e-07
3.285475792988313905e-07
3.285475792988313905e-07
3.285475792988313905e-07
3.285475792988313905e-07
3.285475792988313905e-07
3.285475792988313905e-07
3.285475792988313905e-07
3.285475792988313905e-07
3.285475792988313905e-07
3.285475792988313905e-07
3.365609348914858095e-07
3.365609348914858095e-07
3.365609348914858095e-07
3.365609348914858095e-07
3.365609348914858095e-07
3.365609348914858095e-07
3.365609348914858095e-07
3.365609348914858095e-07
3.365609348914858095e-07
3.365609348914858095e-07
3.365609348914858095e-07
3.365609348914858095e-07
3.365609348914858095e-07
3.365609348914858095e-07
3.365609348914858095e-07
3.365609348914858095e-07
3.365609348914858095e-07
3.365609348914858095e-07
3.365609348914858095e-07
3.365609348914858095e-07
3.305509181969949820e-07
3.305509181969949820e-07
3.305509181969949820e-07
3.305509181969949820e-07
3.305509181969949820e-07
3.305509181969949820e-07
3.305509181969949820e-07
3.305509181969949820e-07
3.305509181969949820e-07
3.305509181969949820e-07
3.305509181969949820e-07
3.305509181969949820e-07
3.305509181969949820e-07
3.305509181969949820e-07
3.345575959933222180e-07
3.345575959933222180e-07
3.345575959933222180e-07
3.345575959933222180e-07
3.345575959933222180e-07
3.345575959933222180e-07
3.345575959933222180e-07
3.345575959933222180e-07
3.325542570951585735e-07
3.325542570951585735e-07
3.325542570951585735e-07
3.325542570951585735e-07
3.325542570951585735e-07
3.325542570951585735e-07
3.325542570951585735e-07
3.385642737896494010e-07
3.385642737896494010e-07
3.385642737896494010e-07
3.385642737896494010e-07
3.385642737896494010e-07
3.385642737896494010e-07
3.385642737896494010e-07
3.385642737896494010e-07
3.385642737896494010e-07
3.385642737896494010e-07
3.385642737896494010e-07
3.365609348914858095e-07
3.365609348914858095e-07
3.365609348914858095e-07
3.365609348914858095e-07
3.365609348914858095e-07
3.365609348914858095e-07
1.282136894824707833e-07
1.282136894824707833e-07
1.282136894824707833e-07
1.282136894824707833e-07
1.282136894824707833e-07
1.282136894824707833e-07
1.282136894824707833e-07
1.282136894824707833e-07
1.282136894824707833e-07
1.282136894824707833e-07
1.282136894824707833e-07
1.282136894824707833e-07
1.282136894824707833e-07
3.305509181969949820e-07
3.305509181969949820e-07
3.305509181969949820e-07
3.305509181969949820e-07
3.305509181969949820e-07
3.305509181969949820e-07
3.305509181969949820e-07
3.305509181969949820e-07
3.305509181969949820e-07
3.305509181969949820e-07
3.305509181969949820e-07
3.305509181969949820e-07
3.305509181969949820e-07
3.305509181969949820e-07
3.305509181969949820e-07
3.345575959933222180e-07
3.345575959933222180e-07
3.345575959933222180e-07
3.345575959933222180e-07
3.345575959933222180e-07
3.345575959933222180e-07
3.345575959933222180e-07
3.345575959933222180e-07
3.866444073455759679e-07
3.866444073455759679e-07
3.866444073455759679e-07
3.866444073455759679e-07
3.866444073455759679e-07
3.866444073455759679e-07
3.866444073455759679e-07
3.325542570951585735e-07
3.325542570951585735e-07
3.325542570951585735e-07
3.325542570951585735e-07
3.325542570951585735e-07
3.325542570951585735e-07
3.325542570951585735e-07
3.325542570951585735e-07
3.325542570951585735e-07
3.325542570951585735e-07
3.325542570951585735e-07
3.325542570951585735e-07
3.325542570951585735e-07
3.325542570951585735e-07
3.866444073455759679e-07
3.325542570951585735e-07
3.866444073455759679e-07
3.325542570951585735e-07
3.866444073455759679e-07
3.325542570951585735e-07
3.866444073455759679e-07
3.325542570951585735e-07
3.866444073455759679e-07
3.325542570951585735e-07
3.866444073455759679e-07
3.325542570951585735e-07
3.866444073455759679e-07
3.325542570951585735e-07
3.866444073455759679e-07
3.325542570951585735e-07
3.866444073455759679e-07
3.325542570951585735e-07
3.866444073455759679e-07
3.325542570951585735e-07
3.866444073455759679e-07
3.325542570951585735e-07
3.866444073455759679e-07
3.385642737896494010e-07
3.886477462437395594e-07
3.385642737896494010e-07
3.886477462437395594e-07
3.385642737896494010e-07
3.886477462437395594e-07
3.385642737896494010e-07
3.886477462437395594e-07
3.385642737896494010e-07
3.886477462437395594e-07
3.385642737896494010e-07
3.886477462437395594e-07
3.385642737896494010e-07
3.886477462437395594e-07
3.585976627712854749e-07
3.585976627712854749e-07
3.585976627712854749e-07
3.585976627712854749e-07
3.585976627712854749e-07
3.585976627712854749e-07
3.585976627712854749e-07
3.585976627712854749e-07
3.345575959933222180e-07
3.345575959933222180e-07
3.345575959933222180e-07
3.345575959933222180e-07
3.345575959933222180e-07
3.345575959933222180e-07
3.345575959933222180e-07
3.345575959933222180e-07
3.345575959933222180e-07
3.345575959933222180e-07
3.345575959933222180e-07
3.345575959933222180e-07
3.345575959933222180e-07
3.585976627712854749e-07
3.585976627712854749e-07
3.585976627712854749e-07
3.585976627712854749e-07
3.585976627712854749e-07
3.585976627712854749e-07
3.585976627712854749e-07
3.585976627712854749e-07
3.385642737896494010e-07
3.385642737896494010e-07
3.385642737896494010e-07
3.385642737896494010e-07
3.385642737896494010e-07
3.385642737896494010e-07
3.385642737896494010e-07
3.385642737896494010e-07
3.385642737896494010e-07
3.385642737896494010e-07
