3.345575959933222180e-07
4.166944908180300524e-07
3.345575959933222180e-07
4.166944908180300524e-07
3.345575959933222180e-07
4.166944908180300524e-07
3.345575959933222180e-07
4.166944908180300524e-07
3.345575959933222180e-07
4.166944908180300524e-07
3.345575959933222180e-07
4.166944908180300524e-07
3.325542570951585735e-07
3.585976627712854749e-07
3.325542570951585735e-07
3.585976627712854749e-07
3.325542570951585735e-07
3.585976627712854749e-07
3.325542570951585735e-07
3.585976627712854749e-07
3.325542570951585735e-07
3.585976627712854749e-07
3.325542570951585735e-07
3.585976627712854749e-07
3.325542570951585735e-07
3.585976627712854749e-07
3.325542570951585735e-07
3.585976627712854749e-07
3.325542570951585735e-07
3.585976627712854749e-07
3.325542570951585735e-07
3.585976627712854749e-07
3.325542570951585735e-07
3.585976627712854749e-07
3.325542570951585735e-07
3.585976627712854749e-07
3.325542570951585735e-07
3.585976627712854749e-07
3.325542570951585735e-07
3.585976627712854749e-07
3.325542570951585735e-07
3.585976627712854749e-07
3.325542570951585735e-07
3.585976627712854749e-07
3.325542570951585735e-07
3.585976627712854749e-07
8.634390651085141362e-07
8.634390651085141362e-07
8.634390651085141362e-07
8.634390651085141362e-07
8.634390651085141362e-07
8.634390651085141362e-07
8.634390651085141362e-07
8.634390651085141362e-07
8.634390651085141362e-07
8.634390651085141362e-07
8.634390651085141362e-07
8.634390651085141362e-07
8.634390651085141362e-07
8.634390651085141362e-07
8.634390651085141362e-07
8.634390651085141362e-07
8.634390651085141362e-07
8.634390651085141362e-07
8.634390651085141362e-07
4.627712854757929748e-07
5.308848080133556156e-07
4.627712854757929748e-07
5.308848080133556156e-07
4.627712854757929748e-07
5.308848080133556156e-07
4.627712854757929748e-07
5.308848080133556156e-07
4.627712854757929748e-07
5.308848080133556156e-07
4.627712854757929748e-07
5.308848080133556156e-07
4.627712854757929748e-07
5.308848080133556156e-07
3.345575959933222180e-07
3.345575959933222180e-07
3.345575959933222180e-07
3.345575959933222180e-07
3.345575959933222180e-07
3.345575959933222180e-07
3.345575959933222180e-07
3.345575959933222180e-07
3.365609348914858095e-07
3.365609348914858095e-07
3.365609348914858095e-07
3.365609348914858095e-07
3.365609348914858095e-07
3.365609348914858095e-07
3.365609348914858095e-07
3.365609348914858095e-07
3.585976627712854749e-07
3.585976627712854749e-07
3.585976627712854749e-07
3.585976627712854749e-07
3.585976627712854749e-07
3.585976627712854749e-07
3.585976627712854749e-07
3.585976627712854749e-07
3.585976627712854749e-07
3.585976627712854749e-07
3.585976627712854749e-07
3.585976627712854749e-07
3.585976627712854749e-07
3.585976627712854749e-07
3.585976627712854749e-07
3.365609348914858095e-07
3.365609348914858095e-07
3.365609348914858095e-07
3.365609348914858095e-07
3.365609348914858095e-07
3.365609348914858095e-07
3.365609348914858095e-07
3.365609348914858095e-07
3.365609348914858095e-07
3.365609348914858095e-07
3.365609348914858095e-07
3.365609348914858095e-07
3.365609348914858095e-07
3.365609348914858095e-07
3.365609348914858095e-07
3.305509181969949820e-07
3.305509181969949820e-07
3.305509181969949820e-07
3.305509181969949820e-07
3.305509181969949820e-07
3.305509181969949820e-07
3.305509181969949820e-07
3.305509181969949820e-07
3.305509181969949820e-07
3.305509181969949820e-07
3.305509181969949820e-07
3.305509181969949820e-07
0.000000000000000000e+00
0.000000000000000000e+00
0.000000000000000000e+00
0.000000000000000000e+00
0.000000000000000000e+00
0.000000000000000000e+00
0.000000000000000000e+00
0.000000000000000000e+00
3.886477462437395594e-07
3.886477462437395594e-07
3.886477462437395594e-07
3.886477462437395594e-07
3.886477462437395594e-07
3.886477462437395594e-07
3.886477462437395594e-07
3.886477462437395594e-07
3.365609348914858095e-07
3.365609348914858095e-07
3.365609348914858095e-07
3.365609348914858095e-07
3.365609348914858095e-07
3.365609348914858095e-07
3.365609348914858095e-07
3.365609348914858095e-07
3.365609348914858095e-07
3.365609348914858095e-07
3.365609348914858095e-07
3.365609348914858095e-07
7.612687813021703338e-08
3.585976627712854749e-07
7.612687813021703338e-08
3.585976627712854749e-07
7.612687813021703338e-08
3.585976627712854749e-07
7.612687813021703338e-08
3.585976627712854749e-07
7.612687813021703338e-08
3.585976627712854749e-07
7.612687813021703338e-08
3.585976627712854749e-07
1.193989983305509224e-06
1.193989983305509224e-06
1.193989983305509224e-06
1.193989983305509224e-06
1.193989983305509224e-06
1.193989983305509224e-06
1.193989983305509224e-06
3.325542570951585735e-07
3.325542570951585735e-07
3.325542570951585735e-07
3.325542570951585735e-07
3.325542570951585735e-07
3.325542570951585735e-07
3.325542570951585735e-07
3.325542570951585735e-07
3.325542570951585735e-07
1.067779632721201953e-06
1.067779632721201953e-06
1.067779632721201953e-06
1.067779632721201953e-06
1.067779632721201953e-06
1.067779632721201953e-06
1.067779632721201953e-06
1.067779632721201953e-06
1.067779632721201953e-06
1.067779632721201953e-06
1.067779632721201953e-06
3.265442404006677990e-07
3.265442404006677990e-07
3.265442404006677990e-07
3.265442404006677990e-07
3.265442404006677990e-07
3.265442404006677990e-07
3.265442404006677990e-07
3.265442404006677990e-07
3.545909849749582390e-07
3.545909849749582390e-07
3.545909849749582390e-07
3.545909849749582390e-07
3.545909849749582390e-07
3.545909849749582390e-07
3.545909849749582390e-07
3.545909849749582390e-07
3.545909849749582390e-07
3.545909849749582390e-07
3.545909849749582390e-07
3.545909849749582390e-07
3.545909849749582390e-07
3.245409015025041545e-07
3.245409015025041545e-07
3.245409015025041545e-07
3.245409015025041545e-07
3.245409015025041545e-07
3.245409015025041545e-07
3.245409015025041545e-07
3.365609348914858095e-07
3.365609348914858095e-07
3.365609348914858095e-07
3.365609348914858095e-07
3.365609348914858095e-07
3.365609348914858095e-07
3.365609348914858095e-07
3.365609348914858095e-07
3.365609348914858095e-07
3.365609348914858095e-07
3.365609348914858095e-07
3.365609348914858095e-07
3.365609348914858095e-07
3.365609348914858095e-07
3.866444073455759679e-07
3.866444073455759679e-07
3.866444073455759679e-07
3.866444073455759679e-07
1.007679465776293890e-06
1.007679465776293890e-06
1.007679465776293890e-06
1.007679465776293890e-06
1.007679465776293890e-06
1.007679465776293890e-06
1.007679465776293890e-06
1.007679465776293890e-06
1.007679465776293890e-06
1.007679465776293890e-06
1.007679465776293890e-06
3.305509181969949820e-07
3.305509181969949820e-07
3.305509181969949820e-07
3.305509181969949820e-07
3.305509181969949820e-07
3.305509181969949820e-07
3.305509181969949820e-07
3.305509181969949820e-07
3.305509181969949820e-07
3.305509181969949820e-07
3.305509181969949820e-07
3.305509181969949820e-07
3.305509181969949820e-07
3.305509181969949820e-07
3.385642737896494010e-07
3.385642737896494010e-07
3.385642737896494010e-07
3.385642737896494010e-07
3.385642737896494010e-07
3.385642737896494010e-07
3.385642737896494010e-07
3.385642737896494010e-07
3.385642737896494010e-07
3.385642737896494010e-07
3.385642737896494010e-07
3.385642737896494010e-07
3.385642737896494010e-07
3.385642737896494010e-07
3.285475792988313905e-07
3.285475792988313905e-07
3.285475792988313905e-07
3.285475792988313905e-07
3.285475792988313905e-07
3.285475792988313905e-07
3.285475792988313905e-07
3.285475792988313905e-07
3.285475792988313905e-07
3.285475792988313905e-07
3.285475792988313905e-07
3.285475792988313905e-07
3.285475792988313905e-07
3.285475792988313905e-07
3.305509181969949820e-07
3.305509181969949820e-07
3.305509181969949820e-07
3.305509181969949820e-07
3.305509181969949820e-07
3.305509181969949820e-07
3.305509181969949820e-07
3.325542570951585735e-07
3.846410684474123234e-07
3.325542570951585735e-07
3.846410684474123234e-07
3.325542570951585735e-07
3.846410684474123234e-07
3.325542570951585735e-07
3.846410684474123234e-07
3.325542570951585735e-07
3.846410684474123234e-07
3.325542570951585735e-07
3.846410684474123234e-07
3.325542570951585735e-07
3.846410684474123234e-07
1.077796327212019963e-06
1.077796327212019963e-06
1.077796327212019963e-06
1.077796327212019963e-06
1.077796327212019963e-06
1.077796327212019963e-06
1.077796327212019963e-06
1.077796327212019963e-06
1.077796327212019963e-06
1.077796327212019963e-06
1.077796327212019963e-06
1.077796327212019963e-06
1.077796327212019963e-06
1.119866444073455650e-06
1.119866444073455650e-06
1.119866444073455650e-06
1.119866444073455650e-06
1.119866444073455650e-06
1.119866444073455650e-06
1.119866444073455650e-06
1.119866444073455650e-06
1.119866444073455650e-06
1.119866444073455650e-06
3.846410684474123234e-07
3.846410684474123234e-07
3.846410684474123234e-07
3.846410684474123234e-07
3.846410684474123234e-07
3.846410684474123234e-07
3.846410684474123234e-07
3.365609348914858095e-07
3.365609348914858095e-07
3.365609348914858095e-07
3.365609348914858095e-07
3.365609348914858095e-07
3.365609348914858095e-07
3.365609348914858095e-07
3.365609348914858095e-07
3.365609348914858095e-07
3.365609348914858095e-07
3.365609348914858095e-07
3.265442404006677990e-07
3.786310517529215489e-07
3.265442404006677990e-07
3.786310517529215489e-07
3.265442404006677990e-07
3.786310517529215489e-07
3.265442404006677990e-07
3.786310517529215489e-07
3.265442404006677990e-07
3.786310517529215489e-07
3.265442404006677990e-07
3.786310517529215489e-07
3.265442404006677990e-07
3.786310517529215489e-07
3.265442404006677990e-07
3.786310517529215489e-07
3.265442404006677990e-07
3.786310517529215489e-07
3.265442404006677990e-07
3.786310517529215489e-07
3.265442404006677990e-07
3.786310517529215489e-07
3.265442404006677990e-07
3.786310517529215489e-07
3.265442404006677990e-07
3.786310517529215489e-07
3.365609348914858095e-07
3.365609348914858095e-07
3.365609348914858095e-07
3.365609348914858095e-07
3.365609348914858095e-07
3.365609348914858095e-07
3.365609348914858095e-07
3.365609348914858095e-07
3.505843071786310560e-07
3.505843071786310560e-07
3.505843071786310560e-07
3.505843071786310560e-07
3.505843071786310560e-07
3.505843071786310560e-07
3.505843071786310560e-07
3.505843071786310560e-07
3.505843071786310560e-07
3.505843071786310560e-07
1.073789649415692886e-06
1.073789649415692886e-06
1.073789649415692886e-06
1.073789649415692886e-06
1.073789649415692886e-06
1.073789649415692886e-06
1.073789649415692886e-06
1.073789649415692886e-06
3.305509181969949820e-07
3.305509181969949820e-07
3.305509181969949820e-07
3.305509181969949820e-07
3.305509181969949820e-07
8.173622704507512667e-07
8.173622704507512667e-07
8.173622704507512667e-07
8.173622704507512667e-07
8.173622704507512667e-07
8.173622704507512667e-07
1.141903171953255368e-07
1.141903171953255368e-07
1.141903171953255368e-07
1.141903171953255368e-07
1.141903171953255368e-07
1.141903171953255368e-07
1.141903171953255368e-07
1.141903171953255368e-07
3.305509181969949820e-07
3.305509181969949820e-07
3.305509181969949820e-07
3.305509181969949820e-07
3.305509181969949820e-07
3.305509181969949820e-07
3.305509181969949820e-07
3.305509181969949820e-07
3.305509181969949820e-07
3.305509181969949820e-07
3.305509181969949820e-07
3.585976627712854749e-07
3.585976627712854749e-07
3.585976627712854749e-07
3.585976627712854749e-07
3.585976627712854749e-07
3.585976627712854749e-07
3.585976627712854749e-07
3.585976627712854749e-07
3.585976627712854749e-07
3.585976627712854749e-07
3.585976627712854749e-07
3.305509181969949820e-07
3.305509181969949820e-07
3.305509181969949820e-07
3.305509181969949820e-07
3.305509181969949820e-07
3.305509181969949820e-07
3.305509181969949820e-07
3.305509181969949820e-07
3.325542570951585735e-07
3.325542570951585735e-07
3.325542570951585735e-07
3.325542570951585735e-07
3.325542570951585735e-07
3.325542570951585735e-07
3.325542570951585735e-07
3.365609348914858095e-07
3.365609348914858095e-07
3.365609348914858095e-07
3.365609348914858095e-07
3.365609348914858095e-07
3.365609348914858095e-07
3.365609348914858095e-07
3.325542570951585735e-07
3.886477462437395594e-07
3.325542570951585735e-07
3.886477462437395594e-07
3.325542570951585735e-07
3.886477462437395594e-07
3.325542570951585735e-07
3.886477462437395594e-07
3.305509181969949820e-07
3.305509181969949820e-07
3.305509181969949820e-07
3.305509181969949820e-07
3.305509181969949820e-07
3.345575959933222180e-07
3.345575959933222180e-07
3.345575959933222180e-07
3.345575959933222180e-07
3.345575959933222180e-07
3.345575959933222180e-07
3.345575959933222180e-07
3.345575959933222180e-07
3.345575959933222180e-07
3.345575959933222180e-07
3.345575959933222180e-07
3.345575959933222180e-07
3.345575959933222180e-07
3.345575959933222180e-07
3.305509181969949820e-07
3.305509181969949820e-07
3.305509181969949820e-07
3.305509181969949820e-07
3.305509181969949820e-07
3.305509181969949820e-07
3.325542570951585735e-07
3.325542570951585735e-07
3.325542570951585735e-07
3.325542570951585735e-07
3.325542570951585735e-07
3.325542570951585735e-07
3.325542570951585735e-07
3.325542570951585735e-07
3.325542570951585735e-07
3.325542570951585735e-07
3.325542570951585735e-07
3.325542570951585735e-07
3.325542570951585735e-07
3.325542570951585735e-07
3.866444073455759679e-07
3.866444073455759679e-07
3.866444073455759679e-07
3.866444073455759679e-07
3.866444073455759679e-07
3.866444073455759679e-07
3.866444073455759679e-07
