3.405676126878129925e-07
3.405676126878129925e-07
3.405676126878129925e-07
6.430717863105174816e-07
8.914858096828046292e-07
6.430717863105174816e-07
8.914858096828046292e-07
6.430717863105174816e-07
8.914858096828046292e-07
6.430717863105174816e-07
8.914858096828046292e-07
6.430717863105174816e-07
8.914858096828046292e-07
6.430717863105174816e-07
8.914858096828046292e-07
6.430717863105174816e-07
8.914858096828046292e-07
6.430717863105174816e-07
8.914858096828046292e-07
6.430717863105174816e-07
8.914858096828046292e-07
6.010016694490817554e-09
1.863105175292153607e-07
7.652754590984974638e-07
8.153589315525876223e-07
1.063772954924874876e-06
6.010016694490817554e-09
1.863105175292153607e-07
7.652754590984974638e-07
8.153589315525876223e-07
1.063772954924874876e-06
6.010016694490817554e-09
1.863105175292153607e-07
7.652754590984974638e-07
8.153589315525876223e-07
1.063772954924874876e-06
6.010016694490817554e-09
1.863105175292153607e-07
7.652754590984974638e-07
8.153589315525876223e-07
1.063772954924874876e-06
6.010016694490817554e-09
1.863105175292153607e-07
7.652754590984974638e-07
8.153589315525876223e-07
1.063772954924874876e-06
6.010016694490817554e-09
1.863105175292153607e-07
7.652754590984974638e-07
8.153589315525876223e-07
1.063772954924874876e-06
6.010016694490817554e-09
1.863105175292153607e-07
7.652754590984974638e-07
8.153589315525876223e-07
1.063772954924874876e-06
6.010016694490817554e-09
1.863105175292153607e-07
7.652754590984974638e-07
8.153589315525876223e-07
1.063772954924874876e-06
6.010016694490817554e-09
1.863105175292153607e-07
7.652754590984974638e-07
8.153589315525876223e-07
1.063772954924874876e-06
6.010016694490817554e-09
1.863105175292153607e-07
7.652754590984974638e-07
8.153589315525876223e-07
1.063772954924874876e-06
6.010016694490817554e-09
1.863105175292153607e-07
7.652754590984974638e-07
8.153589315525876223e-07
1.063772954924874876e-06
6.010016694490817554e-09
1.863105175292153607e-07
7.652754590984974638e-07
8.153589315525876223e-07
1.063772954924874876e-06
6.010016694490817554e-09
1.863105175292153607e-07
7.652754590984974638e-07
8.153589315525876223e-07
1.063772954924874876e-06
6.010016694490817554e-09
1.863105175292153607e-07
7.652754590984974638e-07
8.153589315525876223e-07
1.063772954924874876e-06
5.849749582637729571e-07
5.849749582637729571e-07
5.849749582637729571e-07
5.849749582637729571e-07
5.849749582637729571e-07
5.849749582637729571e-07
5.849749582637729571e-07
5.849749582637729571e-07
5.849749582637729571e-07
4.587646076794657918e-07
4.808013355592654572e-07
4.988313856427379397e-07
5.208681135225376051e-07
1.063772954924874876e-06
4.587646076794657918e-07
4.808013355592654572e-07
4.988313856427379397e-07
5.208681135225376051e-07
1.063772954924874876e-06
4.587646076794657918e-07
4.808013355592654572e-07
4.988313856427379397e-07
5.208681135225376051e-07
1.063772954924874876e-06
4.587646076794657918e-07
4.808013355592654572e-07
4.988313856427379397e-07
5.208681135225376051e-07
1.063772954924874876e-06
4.587646076794657918e-07
4.808013355592654572e-07
4.988313856427379397e-07
5.208681135225376051e-07
1.063772954924874876e-06
4.587646076794657918e-07
4.808013355592654572e-07
4.988313856427379397e-07
5.208681135225376051e-07
1.063772954924874876e-06
4.587646076794657918e-07
4.808013355592654572e-07
4.988313856427379397e-07
5.208681135225376051e-07
1.063772954924874876e-06
4.587646076794657918e-07
4.808013355592654572e-07
4.988313856427379397e-07
5.208681135225376051e-07
1.063772954924874876e-06
4.587646076794657918e-07
4.808013355592654572e-07
4.988313856427379397e-07
5.208681135225376051e-07
1.063772954924874876e-06
4.587646076794657918e-07
4.808013355592654572e-07
4.988313856427379397e-07
5.208681135225376051e-07
1.063772954924874876e-06
4.587646076794657918e-07
4.808013355592654572e-07
4.988313856427379397e-07
5.208681135225376051e-07
1.063772954924874876e-06
4.587646076794657918e-07
4.808013355592654572e-07
4.988313856427379397e-07
5.208681135225376051e-07
1.063772954924874876e-06
4.587646076794657918e-07
4.808013355592654572e-07
4.988313856427379397e-07
5.208681135225376051e-07
1.063772954924874876e-06
4.587646076794657918e-07
4.808013355592654572e-07
4.988313856427379397e-07
5.208681135225376051e-07
1.063772954924874876e-06
4.587646076794657918e-07
4.808013355592654572e-07
4.988313856427379397e-07
5.208681135225376051e-07
1.063772954924874876e-06
3.345575959933222180e-07
6.230383973288814605e-07
6.731218697829716190e-07
1.087813021702837974e-06
3.345575959933222180e-07
6.230383973288814605e-07
6.731218697829716190e-07
1.087813021702837974e-06
3.345575959933222180e-07
6.230383973288814605e-07
6.731218697829716190e-07
1.087813021702837974e-06
3.345575959933222180e-07
6.230383973288814605e-07
6.731218697829716190e-07
1.087813021702837974e-06
3.345575959933222180e-07
6.230383973288814605e-07
6.731218697829716190e-07
1.087813021702837974e-06
3.345575959933222180e-07
6.230383973288814605e-07
6.731218697829716190e-07
1.087813021702837974e-06
3.345575959933222180e-07
6.230383973288814605e-07
6.731218697829716190e-07
1.087813021702837974e-06
3.345575959933222180e-07
6.230383973288814605e-07
6.731218697829716190e-07
1.087813021702837974e-06
3.806343906510851669e-08
1.143906510851418960e-06
3.806343906510851669e-08
1.143906510851418960e-06
3.806343906510851669e-08
1.143906510851418960e-06
3.806343906510851669e-08
1.143906510851418960e-06
3.806343906510851669e-08
1.143906510851418960e-06
3.806343906510851669e-08
1.143906510851418960e-06
3.806343906510851669e-08
1.143906510851418960e-06
3.806343906510851669e-08
1.143906510851418960e-06
3.806343906510851669e-08
1.143906510851418960e-06
3.806343906510851669e-08
1.143906510851418960e-06
3.806343906510851669e-08
1.143906510851418960e-06
3.806343906510851669e-08
1.143906510851418960e-06
3.806343906510851669e-08
1.143906510851418960e-06
3.806343906510851669e-08
1.143906510851418960e-06
3.806343906510851669e-08
1.143906510851418960e-06
3.806343906510851669e-08
1.143906510851418960e-06
1.502504173622704488e-07
1.722871452420701142e-07
3.205342237061769715e-07
6.971619365609349289e-07
1.502504173622704488e-07
1.722871452420701142e-07
3.205342237061769715e-07
6.971619365609349289e-07
1.502504173622704488e-07
1.722871452420701142e-07
3.205342237061769715e-07
6.971619365609349289e-07
1.502504173622704488e-07
1.722871452420701142e-07
3.205342237061769715e-07
6.971619365609349289e-07
1.502504173622704488e-07
1.722871452420701142e-07
3.205342237061769715e-07
6.971619365609349289e-07
1.502504173622704488e-07
1.722871452420701142e-07
3.205342237061769715e-07
6.971619365609349289e-07
1.502504173622704488e-07
1.722871452420701142e-07
3.205342237061769715e-07
6.971619365609349289e-07
1.502504173622704488e-07
1.722871452420701142e-07
3.205342237061769715e-07
6.971619365609349289e-07
1.502504173622704488e-07
1.722871452420701142e-07
3.205342237061769715e-07
6.971619365609349289e-07
1.502504173622704488e-07
1.722871452420701142e-07
3.205342237061769715e-07
6.971619365609349289e-07
1.502504173622704488e-07
1.722871452420701142e-07
3.205342237061769715e-07
6.971619365609349289e-07
1.502504173622704488e-07
1.722871452420701142e-07
3.205342237061769715e-07
6.971619365609349289e-07
1.502504173622704488e-07
1.722871452420701142e-07
3.205342237061769715e-07
6.971619365609349289e-07
3.726210350584307214e-07
3.986644407345575699e-07
6.230383973288814605e-07
6.510851419031719535e-07
3.726210350584307214e-07
3.986644407345575699e-07
6.230383973288814605e-07
6.510851419031719535e-07
3.726210350584307214e-07
3.986644407345575699e-07
6.230383973288814605e-07
6.510851419031719535e-07
3.726210350584307214e-07
3.986644407345575699e-07
6.230383973288814605e-07
6.510851419031719535e-07
3.726210350584307214e-07
3.986644407345575699e-07
6.230383973288814605e-07
6.510851419031719535e-07
3.726210350584307214e-07
3.986644407345575699e-07
6.230383973288814605e-07
6.510851419031719535e-07
3.726210350584307214e-07
3.986644407345575699e-07
6.230383973288814605e-07
6.510851419031719535e-07
3.726210350584307214e-07
3.986644407345575699e-07
6.230383973288814605e-07
6.510851419031719535e-07
3.726210350584307214e-07
3.986644407345575699e-07
6.230383973288814605e-07
6.510851419031719535e-07
3.726210350584307214e-07
3.986644407345575699e-07
6.230383973288814605e-07
6.510851419031719535e-07
3.726210350584307214e-07
3.986644407345575699e-07
6.230383973288814605e-07
6.510851419031719535e-07
3.726210350584307214e-07
3.986644407345575699e-07
6.230383973288814605e-07
6.510851419031719535e-07
6.010016694490817554e-09
7.652754590984974638e-07
6.010016694490817554e-09
7.652754590984974638e-07
6.010016694490817554e-09
7.652754590984974638e-07
6.010016694490817554e-09
7.652754590984974638e-07
6.010016694490817554e-09
7.652754590984974638e-07
6.010016694490817554e-09
7.652754590984974638e-07
6.010016694490817554e-09
7.652754590984974638e-07
6.010016694490817554e-09
7.652754590984974638e-07
6.010016694490817554e-09
7.652754590984974638e-07
6.010016694490817554e-09
7.652754590984974638e-07
6.010016694490817554e-09
7.652754590984974638e-07
6.010016694490817554e-09
7.652754590984974638e-07
6.010016694490817554e-09
7.652754590984974638e-07
6.010016694490817554e-09
7.652754590984974638e-07
6.010016694490817554e-09
7.652754590984974638e-07
6.010016694490817554e-09
7.652754590984974638e-07
6.010016694490817554e-09
7.652754590984974638e-07
3.886477462437395594e-07
4.207011686143572354e-07
1.059766277128547587e-06
3.886477462437395594e-07
4.207011686143572354e-07
1.059766277128547587e-06
3.886477462437395594e-07
4.207011686143572354e-07
1.059766277128547587e-06
3.886477462437395594e-07
4.207011686143572354e-07
1.059766277128547587e-06
3.886477462437395594e-07
4.207011686143572354e-07
1.059766277128547587e-06
3.886477462437395594e-07
4.207011686143572354e-07
1.059766277128547587e-06
3.886477462437395594e-07
4.207011686143572354e-07
1.059766277128547587e-06
3.886477462437395594e-07
4.207011686143572354e-07
1.059766277128547587e-06
3.886477462437395594e-07
4.207011686143572354e-07
1.059766277128547587e-06
3.886477462437395594e-07
4.207011686143572354e-07
1.059766277128547587e-06
3.886477462437395594e-07
4.207011686143572354e-07
1.059766277128547587e-06
3.886477462437395594e-07
4.207011686143572354e-07
1.059766277128547587e-06
3.886477462437395594e-07
4.207011686143572354e-07
1.059766277128547587e-06
3.886477462437395594e-07
4.207011686143572354e-07
1.059766277128547587e-06
7.412353923205341539e-08
1.183973288814691214e-06
7.412353923205341539e-08
1.183973288814691214e-06
7.412353923205341539e-08
1.183973288814691214e-06
7.412353923205341539e-08
1.183973288814691214e-06
7.412353923205341539e-08
1.183973288814691214e-06
7.412353923205341539e-08
1.183973288814691214e-06
7.412353923205341539e-08
1.183973288814691214e-06
7.412353923205341539e-08
1.183973288814691214e-06
7.412353923205341539e-08
1.183973288814691214e-06
5.829716193656093126e-07
7.632721202003339253e-07
5.829716193656093126e-07
7.632721202003339253e-07
5.829716193656093126e-07
7.632721202003339253e-07
5.829716193656093126e-07
7.632721202003339253e-07
5.829716193656093126e-07
7.632721202003339253e-07
5.829716193656093126e-07
7.632721202003339253e-07
5.829716193656093126e-07
7.632721202003339253e-07
3.746243739565943129e-07
3.986644407345575699e-07
6.350584307178631155e-07
3.746243739565943129e-07
3.986644407345575699e-07
6.350584307178631155e-07
3.746243739565943129e-07
3.986644407345575699e-07
6.350584307178631155e-07
3.746243739565943129e-07
3.986644407345575699e-07
6.350584307178631155e-07
3.746243739565943129e-07
3.986644407345575699e-07
6.350584307178631155e-07
3.746243739565943129e-07
3.986644407345575699e-07
6.350584307178631155e-07
3.746243739565943129e-07
3.986644407345575699e-07
6.350584307178631155e-07
3.746243739565943129e-07
3.986644407345575699e-07
6.350584307178631155e-07
3.746243739565943129e-07
3.986644407345575699e-07
6.350584307178631155e-07
3.746243739565943129e-07
3.986644407345575699e-07
6.350584307178631155e-07
3.746243739565943129e-07
3.986644407345575699e-07
6.350584307178631155e-07
3.746243739565943129e-07
3.986644407345575699e-07
6.350584307178631155e-07
3.746243739565943129e-07
3.986644407345575699e-07
6.350584307178631155e-07
3.746243739565943129e-07
3.986644407345575699e-07
6.350584307178631155e-07
3.746243739565943129e-07
3.986644407345575699e-07
6.350584307178631155e-07
3.746243739565943129e-07
3.986644407345575699e-07
6.350584307178631155e-07
2.243739565943238642e-07
2.243739565943238642e-07
2.243739565943238642e-07
2.243739565943238642e-07
2.243739565943238642e-07
2.243739565943238642e-07
2.243739565943238642e-07
2.243739565943238642e-07
2.243739565943238642e-07
2.243739565943238642e-07
2.243739565943238642e-07
2.243739565943238642e-07
2.243739565943238642e-07
1.202003338898163511e-08
2.604340567612688026e-07
2.884808013355592426e-07
3.225375626043405630e-07
6.631051752921536084e-07
8.614357262103505976e-07
1.202003338898163511e-08
2.604340567612688026e-07
2.884808013355592426e-07
3.225375626043405630e-07
6.631051752921536084e-07
8.614357262103505976e-07
1.202003338898163511e-08
2.604340567612688026e-07
2.884808013355592426e-07
3.225375626043405630e-07
6.631051752921536084e-07
8.614357262103505976e-07
1.202003338898163511e-08
2.604340567612688026e-07
2.884808013355592426e-07
3.225375626043405630e-07
6.631051752921536084e-07
8.614357262103505976e-07
1.202003338898163511e-08
2.604340567612688026e-07
2.884808013355592426e-07
3.225375626043405630e-07
6.631051752921536084e-07
8.614357262103505976e-07
1.202003338898163511e-08
2.604340567612688026e-07
2.884808013355592426e-07
3.225375626043405630e-07
6.631051752921536084e-07
8.614357262103505976e-07
1.202003338898163511e-08
2.604340567612688026e-07
2.884808013355592426e-07
3.225375626043405630e-07
6.631051752921536084e-07
8.614357262103505976e-07
1.202003338898163511e-08
2.604340567612688026e-07
2.884808013355592426e-07
3.225375626043405630e-07
6.631051752921536084e-07
8.614357262103505976e-07
1.202003338898163511e-08
2.604340567612688026e-07
2.884808013355592426e-07
3.225375626043405630e-07
6.631051752921536084e-07
8.614357262103505976e-07
1.202003338898163511e-08
2.604340567612688026e-07
2.884808013355592426e-07
3.225375626043405630e-07
6.631051752921536084e-07
8.614357262103505976e-07
8.173622704507512667e-07
8.173622704507512667e-07
8.173622704507512667e-07
8.173622704507512667e-07
8.173622704507512667e-07
8.173622704507512667e-07
8.173622704507512667e-07
8.173622704507512667e-07
8.173622704507512667e-07
8.173622704507512667e-07
8.173622704507512667e-07
8.173622704507512667e-07
8.173622704507512667e-07
6.851419031719532739e-07
6.851419031719532739e-07
6.851419031719532739e-07
6.851419031719532739e-07
6.851419031719532739e-07
6.851419031719532739e-07
6.851419031719532739e-07
6.851419031719532739e-07
6.851419031719532739e-07
6.851419031719532739e-07
2.303839732888146916e-07
4.988313856427379397e-07
2.303839732888146916e-07
4.988313856427379397e-07
2.303839732888146916e-07
4.988313856427379397e-07
2.303839732888146916e-07
4.988313856427379397e-07
2.303839732888146916e-07
4.988313856427379397e-07
2.303839732888146916e-07
4.988313856427379397e-07
2.303839732888146916e-07
4.988313856427379397e-07
2.303839732888146916e-07
4.988313856427379397e-07
2.303839732888146916e-07
4.988313856427379397e-07
2.303839732888146916e-07
2.604340567612688026e-07
4.587646076794657918e-07
1.075792988313856319e-06
2.303839732888146916e-07
2.604340567612688026e-07
4.587646076794657918e-07
1.075792988313856319e-06
2.303839732888146916e-07
2.604340567612688026e-07
4.587646076794657918e-07
1.075792988313856319e-06
2.303839732888146916e-07
2.604340567612688026e-07
4.587646076794657918e-07
1.075792988313856319e-06
2.303839732888146916e-07
2.604340567612688026e-07
4.587646076794657918e-07
1.075792988313856319e-06
2.303839732888146916e-07
2.604340567612688026e-07
4.587646076794657918e-07
1.075792988313856319e-06
2.303839732888146916e-07
2.604340567612688026e-07
4.587646076794657918e-07
1.075792988313856319e-06
2.303839732888146916e-07
2.604340567612688026e-07
4.587646076794657918e-07
1.075792988313856319e-06
2.303839732888146916e-07
2.604340567612688026e-07
4.587646076794657918e-07
1.075792988313856319e-06
2.303839732888146916e-07
2.604340567612688026e-07
4.587646076794657918e-07
1.075792988313856319e-06
2.303839732888146916e-07
2.604340567612688026e-07
4.587646076794657918e-07
1.075792988313856319e-06
2.303839732888146916e-07
2.604340567612688026e-07
4.587646076794657918e-07
1.075792988313856319e-06
2.303839732888146916e-07
2.604340567612688026e-07
4.587646076794657918e-07
1.075792988313856319e-06
2.303839732888146916e-07
2.604340567612688026e-07
4.587646076794657918e-07
1.075792988313856319e-06
2.303839732888146916e-07
2.604340567612688026e-07
4.587646076794657918e-07
1.075792988313856319e-06
2.303839732888146916e-07
2.604340567612688026e-07
4.587646076794657918e-07
1.075792988313856319e-06
2.303839732888146916e-07
2.604340567612688026e-07
4.587646076794657918e-07
1.075792988313856319e-06
2.303839732888146916e-07
2.604340567612688026e-07
4.587646076794657918e-07
1.075792988313856319e-06
2.404006677796327021e-08
1.009682804674457323e-06
1.167946577629382270e-06
2.404006677796327021e-08
1.009682804674457323e-06
1.167946577629382270e-06
2.404006677796327021e-08
1.009682804674457323e-06
1.167946577629382270e-06
2.404006677796327021e-08
1.009682804674457323e-06
1.167946577629382270e-06
2.404006677796327021e-08
1.009682804674457323e-06
1.167946577629382270e-06
2.404006677796327021e-08
1.009682804674457323e-06
1.167946577629382270e-06
2.404006677796327021e-08
1.009682804674457323e-06
1.167946577629382270e-06
2.404006677796327021e-08
1.009682804674457323e-06
1.167946577629382270e-06
2.404006677796327021e-08
1.009682804674457323e-06
1.167946577629382270e-06
2.404006677796327021e-08
1.009682804674457323e-06
1.167946577629382270e-06
2.404006677796327021e-08
1.009682804674457323e-06
1.167946577629382270e-06
1.863105175292153607e-07
1.863105175292153607e-07
1.863105175292153607e-07
1.863105175292153607e-07
1.863105175292153607e-07
1.863105175292153607e-07
1.863105175292153607e-07
1.863105175292153607e-07
1.863105175292153607e-07
1.863105175292153607e-07
1.863105175292153607e-07
1.863105175292153607e-07
1.863105175292153607e-07
1.562604340567612762e-07
3.746243739565943129e-07
1.562604340567612762e-07
3.746243739565943129e-07
1.562604340567612762e-07
3.746243739565943129e-07
1.562604340567612762e-07
3.746243739565943129e-07
1.562604340567612762e-07
3.746243739565943129e-07
1.562604340567612762e-07
3.746243739565943129e-07
1.562604340567612762e-07
3.746243739565943129e-07
1.562604340567612762e-07
3.746243739565943129e-07
1.562604340567612762e-07
3.746243739565943129e-07
1.562604340567612762e-07
3.746243739565943129e-07
4.808013355592654043e-08
7.011686143572620590e-08
1.342237061769616108e-07
4.567612687813021473e-07
1.049749582637729576e-06
1.093823038397328907e-06
4.808013355592654043e-08
7.011686143572620590e-08
1.342237061769616108e-07
4.567612687813021473e-07
1.049749582637729576e-06
1.093823038397328907e-06
4.808013355592654043e-08
7.011686143572620590e-08
1.342237061769616108e-07
4.567612687813021473e-07
1.049749582637729576e-06
1.093823038397328907e-06
4.808013355592654043e-08
7.011686143572620590e-08
1.342237061769616108e-07
4.567612687813021473e-07
1.049749582637729576e-06
1.093823038397328907e-06
4.808013355592654043e-08
7.011686143572620590e-08
1.342237061769616108e-07
4.567612687813021473e-07
1.049749582637729576e-06
1.093823038397328907e-06
4.808013355592654043e-08
7.011686143572620590e-08
1.342237061769616108e-07
4.567612687813021473e-07
1.049749582637729576e-06
1.093823038397328907e-06
4.808013355592654043e-08
7.011686143572620590e-08
1.342237061769616108e-07
4.567612687813021473e-07
1.049749582637729576e-06
1.093823038397328907e-06
4.808013355592654043e-08
7.011686143572620590e-08
1.342237061769616108e-07
4.567612687813021473e-07
1.049749582637729576e-06
1.093823038397328907e-06
1.061769616026711178e-07
1.442404006677796213e-07
1.662771285475792868e-07
1.963272120200333977e-07
2.243739565943238642e-07
3.105175292153589080e-07
1.061769616026711178e-07
1.442404006677796213e-07
1.662771285475792868e-07
1.963272120200333977e-07
2.243739565943238642e-07
3.105175292153589080e-07
1.061769616026711178e-07
1.442404006677796213e-07
1.662771285475792868e-07
1.963272120200333977e-07
2.243739565943238642e-07
3.105175292153589080e-07
1.061769616026711178e-07
1.442404006677796213e-07
1.662771285475792868e-07
1.963272120200333977e-07
2.243739565943238642e-07
3.105175292153589080e-07
1.061769616026711178e-07
1.442404006677796213e-07
1.662771285475792868e-07
1.963272120200333977e-07
2.243739565943238642e-07
3.105175292153589080e-07
1.061769616026711178e-07
1.442404006677796213e-07
1.662771285475792868e-07
1.963272120200333977e-07
2.243739565943238642e-07
3.105175292153589080e-07
1.061769616026711178e-07
1.442404006677796213e-07
1.662771285475792868e-07
1.963272120200333977e-07
2.243739565943238642e-07
3.105175292153589080e-07
1.061769616026711178e-07
1.442404006677796213e-07
1.662771285475792868e-07
1.963272120200333977e-07
2.243739565943238642e-07
3.105175292153589080e-07
1.061769616026711178e-07
1.442404006677796213e-07
1.662771285475792868e-07
1.963272120200333977e-07
2.243739565943238642e-07
3.105175292153589080e-07
1.061769616026711178e-07
1.442404006677796213e-07
1.662771285475792868e-07
1.963272120200333977e-07
2.243739565943238642e-07
3.105175292153589080e-07
1.061769616026711178e-07
1.442404006677796213e-07
1.662771285475792868e-07
1.963272120200333977e-07
2.243739565943238642e-07
3.105175292153589080e-07
1.061769616026711178e-07
1.442404006677796213e-07
1.662771285475792868e-07
1.963272120200333977e-07
2.243739565943238642e-07
3.105175292153589080e-07
1.061769616026711178e-07
1.442404006677796213e-07
1.662771285475792868e-07
1.963272120200333977e-07
2.243739565943238642e-07
3.105175292153589080e-07
1.061769616026711178e-07
1.442404006677796213e-07
1.662771285475792868e-07
1.963272120200333977e-07
2.243739565943238642e-07
3.105175292153589080e-07
2.764607679465776406e-07
2.944908180300500701e-07
3.165275459098497355e-07
5.569282136894824641e-07
8.313856427378964602e-07
1.079799666110183608e-06
2.764607679465776406e-07
2.944908180300500701e-07
3.165275459098497355e-07
5.569282136894824641e-07
8.313856427378964602e-07
1.079799666110183608e-06
2.764607679465776406e-07
2.944908180300500701e-07
3.165275459098497355e-07
5.569282136894824641e-07
8.313856427378964602e-07
1.079799666110183608e-06
2.764607679465776406e-07
2.944908180300500701e-07
3.165275459098497355e-07
5.569282136894824641e-07
8.313856427378964602e-07
1.079799666110183608e-06
2.764607679465776406e-07
2.944908180300500701e-07
3.165275459098497355e-07
5.569282136894824641e-07
8.313856427378964602e-07
1.079799666110183608e-06
2.764607679465776406e-07
2.944908180300500701e-07
3.165275459098497355e-07
5.569282136894824641e-07
8.313856427378964602e-07
1.079799666110183608e-06
2.764607679465776406e-07
2.944908180300500701e-07
3.165275459098497355e-07
5.569282136894824641e-07
8.313856427378964602e-07
1.079799666110183608e-06
2.764607679465776406e-07
2.944908180300500701e-07
3.165275459098497355e-07
5.569282136894824641e-07
8.313856427378964602e-07
1.079799666110183608e-06
2.764607679465776406e-07
2.944908180300500701e-07
3.165275459098497355e-07
5.569282136894824641e-07
8.313856427378964602e-07
1.079799666110183608e-06
2.764607679465776406e-07
2.944908180300500701e-07
3.165275459098497355e-07
5.569282136894824641e-07
8.313856427378964602e-07
1.079799666110183608e-06
2.764607679465776406e-07
2.944908180300500701e-07
3.165275459098497355e-07
5.569282136894824641e-07
8.313856427378964602e-07
1.079799666110183608e-06
2.764607679465776406e-07
2.944908180300500701e-07
3.165275459098497355e-07
5.569282136894824641e-07
8.313856427378964602e-07
1.079799666110183608e-06
2.764607679465776406e-07
2.944908180300500701e-07
3.165275459098497355e-07
5.569282136894824641e-07
8.313856427378964602e-07
1.079799666110183608e-06
2.764607679465776406e-07
2.944908180300500701e-07
3.165275459098497355e-07
5.569282136894824641e-07
8.313856427378964602e-07
1.079799666110183608e-06
2.764607679465776406e-07
2.944908180300500701e-07
3.165275459098497355e-07
5.569282136894824641e-07
8.313856427378964602e-07
1.079799666110183608e-06
2.764607679465776406e-07
2.944908180300500701e-07
3.165275459098497355e-07
5.569282136894824641e-07
8.313856427378964602e-07
1.079799666110183608e-06
2.764607679465776406e-07
2.944908180300500701e-07
3.165275459098497355e-07
5.569282136894824641e-07
8.313856427378964602e-07
1.079799666110183608e-06
2.764607679465776406e-07
2.944908180300500701e-07
3.165275459098497355e-07
5.569282136894824641e-07
8.313856427378964602e-07
1.079799666110183608e-06
2.764607679465776406e-07
2.944908180300500701e-07
3.165275459098497355e-07
5.569282136894824641e-07
8.313856427378964602e-07
1.079799666110183608e-06
2.764607679465776406e-07
2.944908180300500701e-07
3.165275459098497355e-07
5.569282136894824641e-07
8.313856427378964602e-07
1.079799666110183608e-06
2.764607679465776406e-07
2.944908180300500701e-07
3.165275459098497355e-07
5.569282136894824641e-07
8.313856427378964602e-07
1.079799666110183608e-06
2.764607679465776406e-07
2.944908180300500701e-07
3.165275459098497355e-07
5.569282136894824641e-07
8.313856427378964602e-07
1.079799666110183608e-06
2.764607679465776406e-07
2.944908180300500701e-07
3.165275459098497355e-07
5.569282136894824641e-07
8.313856427378964602e-07
1.079799666110183608e-06
2.764607679465776406e-07
2.944908180300500701e-07
3.165275459098497355e-07
5.569282136894824641e-07
8.313856427378964602e-07
1.079799666110183608e-06
2.764607679465776406e-07
2.944908180300500701e-07
3.165275459098497355e-07
5.569282136894824641e-07
8.313856427378964602e-07
1.079799666110183608e-06
2.764607679465776406e-07
2.944908180300500701e-07
3.165275459098497355e-07
5.569282136894824641e-07
8.313856427378964602e-07
1.079799666110183608e-06
2.764607679465776406e-07
2.944908180300500701e-07
3.165275459098497355e-07
5.569282136894824641e-07
8.313856427378964602e-07
1.079799666110183608e-06
2.764607679465776406e-07
2.944908180300500701e-07
3.165275459098497355e-07
5.569282136894824641e-07
8.313856427378964602e-07
1.079799666110183608e-06
2.764607679465776406e-07
2.944908180300500701e-07
3.165275459098497355e-07
5.569282136894824641e-07
8.313856427378964602e-07
1.079799666110183608e-06
2.764607679465776406e-07
2.944908180300500701e-07
3.165275459098497355e-07
5.569282136894824641e-07
8.313856427378964602e-07
1.079799666110183608e-06
2.764607679465776406e-07
2.944908180300500701e-07
3.165275459098497355e-07
5.569282136894824641e-07
8.313856427378964602e-07
1.079799666110183608e-06
2.764607679465776406e-07
2.944908180300500701e-07
3.165275459098497355e-07
5.569282136894824641e-07
8.313856427378964602e-07
1.079799666110183608e-06
2.764607679465776406e-07
2.944908180300500701e-07
3.165275459098497355e-07
5.569282136894824641e-07
8.313856427378964602e-07
1.079799666110183608e-06
2.764607679465776406e-07
2.944908180300500701e-07
3.165275459098497355e-07
5.569282136894824641e-07
8.313856427378964602e-07
1.079799666110183608e-06
2.764607679465776406e-07
2.944908180300500701e-07
3.165275459098497355e-07
5.569282136894824641e-07
8.313856427378964602e-07
1.079799666110183608e-06
2.764607679465776406e-07
2.944908180300500701e-07
3.165275459098497355e-07
5.569282136894824641e-07
8.313856427378964602e-07
1.079799666110183608e-06
2.764607679465776406e-07
2.944908180300500701e-07
3.165275459098497355e-07
5.569282136894824641e-07
8.313856427378964602e-07
1.079799666110183608e-06
2.764607679465776406e-07
2.944908180300500701e-07
3.165275459098497355e-07
5.569282136894824641e-07
8.313856427378964602e-07
1.079799666110183608e-06
2.764607679465776406e-07
2.944908180300500701e-07
3.165275459098497355e-07
5.569282136894824641e-07
8.313856427378964602e-07
1.079799666110183608e-06
2.764607679465776406e-07
2.944908180300500701e-07
3.165275459098497355e-07
5.569282136894824641e-07
8.313856427378964602e-07
1.079799666110183608e-06
2.764607679465776406e-07
2.944908180300500701e-07
3.165275459098497355e-07
5.569282136894824641e-07
8.313856427378964602e-07
1.079799666110183608e-06
2.764607679465776406e-07
2.944908180300500701e-07
3.165275459098497355e-07
5.569282136894824641e-07
8.313856427378964602e-07
1.079799666110183608e-06
2.764607679465776406e-07
2.944908180300500701e-07
3.165275459098497355e-07
5.569282136894824641e-07
8.313856427378964602e-07
1.079799666110183608e-06
2.764607679465776406e-07
2.944908180300500701e-07
3.165275459098497355e-07
5.569282136894824641e-07
8.313856427378964602e-07
1.079799666110183608e-06
2.764607679465776406e-07
2.944908180300500701e-07
3.165275459098497355e-07
5.569282136894824641e-07
8.313856427378964602e-07
1.079799666110183608e-06
2.764607679465776406e-07
2.944908180300500701e-07
3.165275459098497355e-07
5.569282136894824641e-07
8.313856427378964602e-07
1.079799666110183608e-06
2.764607679465776406e-07
2.944908180300500701e-07
3.165275459098497355e-07
5.569282136894824641e-07
8.313856427378964602e-07
1.079799666110183608e-06
2.764607679465776406e-07
2.944908180300500701e-07
3.165275459098497355e-07
5.569282136894824641e-07
8.313856427378964602e-07
1.079799666110183608e-06
2.764607679465776406e-07
2.944908180300500701e-07
3.165275459098497355e-07
5.569282136894824641e-07
8.313856427378964602e-07
1.079799666110183608e-06
2.764607679465776406e-07
2.944908180300500701e-07
3.165275459098497355e-07
5.569282136894824641e-07
8.313856427378964602e-07
1.079799666110183608e-06
2.764607679465776406e-07
2.944908180300500701e-07
3.165275459098497355e-07
5.569282136894824641e-07
8.313856427378964602e-07
1.079799666110183608e-06
2.764607679465776406e-07
2.944908180300500701e-07
3.165275459098497355e-07
5.569282136894824641e-07
8.313856427378964602e-07
1.079799666110183608e-06
2.764607679465776406e-07
2.944908180300500701e-07
3.165275459098497355e-07
5.569282136894824641e-07
8.313856427378964602e-07
1.079799666110183608e-06
2.764607679465776406e-07
2.944908180300500701e-07
3.165275459098497355e-07
5.569282136894824641e-07
8.313856427378964602e-07
1.079799666110183608e-06
2.764607679465776406e-07
2.944908180300500701e-07
3.165275459098497355e-07
5.569282136894824641e-07
8.313856427378964602e-07
1.079799666110183608e-06
2.764607679465776406e-07
2.944908180300500701e-07
3.165275459098497355e-07
5.569282136894824641e-07
8.313856427378964602e-07
1.079799666110183608e-06
2.764607679465776406e-07
2.944908180300500701e-07
3.165275459098497355e-07
5.569282136894824641e-07
8.313856427378964602e-07
1.079799666110183608e-06
2.764607679465776406e-07
2.944908180300500701e-07
3.165275459098497355e-07
5.569282136894824641e-07
8.313856427378964602e-07
1.079799666110183608e-06
2.764607679465776406e-07
2.944908180300500701e-07
3.165275459098497355e-07
5.569282136894824641e-07
8.313856427378964602e-07
1.079799666110183608e-06
2.764607679465776406e-07
2.944908180300500701e-07
3.165275459098497355e-07
5.569282136894824641e-07
8.313856427378964602e-07
1.079799666110183608e-06
2.764607679465776406e-07
2.944908180300500701e-07
3.165275459098497355e-07
5.569282136894824641e-07
8.313856427378964602e-07
1.079799666110183608e-06
2.764607679465776406e-07
2.944908180300500701e-07
3.165275459098497355e-07
5.569282136894824641e-07
8.313856427378964602e-07
1.079799666110183608e-06
2.764607679465776406e-07
2.944908180300500701e-07
3.165275459098497355e-07
5.569282136894824641e-07
8.313856427378964602e-07
1.079799666110183608e-06
2.764607679465776406e-07
2.944908180300500701e-07
3.165275459098497355e-07
5.569282136894824641e-07
8.313856427378964602e-07
1.079799666110183608e-06
2.764607679465776406e-07
2.944908180300500701e-07
3.165275459098497355e-07
5.569282136894824641e-07
8.313856427378964602e-07
1.079799666110183608e-06
2.764607679465776406e-07
2.944908180300500701e-07
3.165275459098497355e-07
5.569282136894824641e-07
8.313856427378964602e-07
1.079799666110183608e-06
2.764607679465776406e-07
2.944908180300500701e-07
3.165275459098497355e-07
5.569282136894824641e-07
8.313856427378964602e-07
1.079799666110183608e-06
2.764607679465776406e-07
2.944908180300500701e-07
3.165275459098497355e-07
5.569282136894824641e-07
8.313856427378964602e-07
1.079799666110183608e-06
2.764607679465776406e-07
2.944908180300500701e-07
3.165275459098497355e-07
5.569282136894824641e-07
8.313856427378964602e-07
1.079799666110183608e-06
2.764607679465776406e-07
2.944908180300500701e-07
3.165275459098497355e-07
5.569282136894824641e-07
8.313856427378964602e-07
1.079799666110183608e-06
2.764607679465776406e-07
2.944908180300500701e-07
3.165275459098497355e-07
5.569282136894824641e-07
8.313856427378964602e-07
1.079799666110183608e-06
2.764607679465776406e-07
2.944908180300500701e-07
3.165275459098497355e-07
5.569282136894824641e-07
8.313856427378964602e-07
1.0797996661101836