0.000000000000000000e+00
3.305509181969949820e-07
5.649415692821369361e-07
7.292153589315526048e-07
1.085809682804674541e-06
0.000000000000000000e+00
3.305509181969949820e-07
5.649415692821369361e-07
7.292153589315526048e-07
1.085809682804674541e-06
0.000000000000000000e+00
3.305509181969949820e-07
5.649415692821369361e-07
7.292153589315526048e-07
1.085809682804674541e-06
0.000000000000000000e+00
3.305509181969949820e-07
5.649415692821369361e-07
7.292153589315526048e-07
1.085809682804674541e-06
0.000000000000000000e+00
9.616026711185308086e-08
4.567612687813021473e-07
7.111853088480801224e-07
0.000000000000000000e+00
9.616026711185308086e-08
4.567612687813021473e-07
7.111853088480801224e-07
0.000000000000000000e+00
9.616026711185308086e-08
4.567612687813021473e-07
7.111853088480801224e-07
0.000000000000000000e+00
9.616026711185308086e-08
4.567612687813021473e-07
7.111853088480801224e-07
0.000000000000000000e+00
9.616026711185308086e-08
4.567612687813021473e-07
7.111853088480801224e-07
0.000000000000000000e+00
9.616026711185308086e-08
4.567612687813021473e-07
7.111853088480801224e-07
