3.365609348914858095e-07
3.585976627712854749e-07
4.647746243739565663e-07
3.365609348914858095e-07
3.585976627712854749e-07
4.647746243739565663e-07
3.365609348914858095e-07
3.585976627712854749e-07
4.647746243739565663e-07
3.365609348914858095e-07
3.585976627712854749e-07
4.647746243739565663e-07
3.365609348914858095e-07
3.585976627712854749e-07
4.647746243739565663e-07
3.365609348914858095e-07
3.585976627712854749e-07
4.647746243739565663e-07
3.365609348914858095e-07
3.585976627712854749e-07
4.647746243739565663e-07
3.365609348914858095e-07
3.585976627712854749e-07
4.647746243739565663e-07
3.365609348914858095e-07
3.585976627712854749e-07
4.647746243739565663e-07
3.365609348914858095e-07
3.585976627712854749e-07
4.647746243739565663e-07
3.365609348914858095e-07
3.585976627712854749e-07
4.647746243739565663e-07
3.365609348914858095e-07
3.585976627712854749e-07
4.647746243739565663e-07
3.365609348914858095e-07
3.585976627712854749e-07
4.647746243739565663e-07
3.365609348914858095e-07
3.585976627712854749e-07
4.647746243739565663e-07
7.412353923205342598e-07
7.412353923205342598e-07
7.412353923205342598e-07
7.412353923205342598e-07
7.412353923205342598e-07
7.412353923205342598e-07
7.412353923205342598e-07
7.412353923205342598e-07
7.412353923205342598e-07
7.412353923205342598e-07
1.113856427378964928e-06
1.113856427378964928e-06
1.113856427378964928e-06
1.113856427378964928e-06
1.113856427378964928e-06
1.113856427378964928e-06
1.113856427378964928e-06
3.225375626043405630e-07
3.225375626043405630e-07
3.225375626043405630e-07
3.225375626043405630e-07
3.225375626043405630e-07
3.225375626043405630e-07
3.225375626043405630e-07
3.225375626043405630e-07
4.066777963272120418e-07
4.066777963272120418e-07
4.066777963272120418e-07
4.066777963272120418e-07
4.066777963272120418e-07
4.066777963272120418e-07
3.325542570951585735e-07
3.325542570951585735e-07
3.325542570951585735e-07
3.325542570951585735e-07
3.325542570951585735e-07
3.325542570951585735e-07
3.325542570951585735e-07
3.325542570951585735e-07
3.325542570951585735e-07
3.826377295492487319e-07
3.826377295492487319e-07
3.826377295492487319e-07
3.826377295492487319e-07
3.826377295492487319e-07
3.826377295492487319e-07
3.826377295492487319e-07
3.826377295492487319e-07
3.365609348914858095e-07
3.365609348914858095e-07
3.826377295492487319e-07
3.826377295492487319e-07
3.826377295492487319e-07
3.826377295492487319e-07
3.826377295492487319e-07
3.826377295492487319e-07
3.826377295492487319e-07
3.826377295492487319e-07
3.826377295492487319e-07
3.826377295492487319e-07
3.826377295492487319e-07
3.826377295492487319e-07
3.826377295492487319e-07
3.826377295492487319e-07
3.345575959933222180e-07
3.345575959933222180e-07
3.345575959933222180e-07
3.345575959933222180e-07
3.345575959933222180e-07
3.345575959933222180e-07
3.345575959933222180e-07
3.345575959933222180e-07
3.345575959933222180e-07
3.345575959933222180e-07
3.345575959933222180e-07
3.345575959933222180e-07
3.345575959933222180e-07
3.345575959933222180e-07
3.345575959933222180e-07
3.345575959933222180e-07
3.345575959933222180e-07
3.345575959933222180e-07
3.345575959933222180e-07
3.345575959933222180e-07
3.345575959933222180e-07
3.345575959933222180e-07
3.265442404006677990e-07
3.265442404006677990e-07
3.265442404006677990e-07
3.265442404006677990e-07
3.265442404006677990e-07
3.265442404006677990e-07
3.265442404006677990e-07
3.265442404006677990e-07
3.265442404006677990e-07
3.265442404006677990e-07
3.265442404006677990e-07
3.265442404006677990e-07
3.265442404006677990e-07
3.886477462437395594e-07
3.886477462437395594e-07
3.886477462437395594e-07
3.886477462437395594e-07
3.886477462437395594e-07
3.886477462437395594e-07
3.886477462437395594e-07
3.886477462437395594e-07
3.886477462437395594e-07
3.886477462437395594e-07
3.886477462437395594e-07
3.886477462437395594e-07
3.886477462437395594e-07
1.153923205342236970e-06
1.153923205342236970e-06
1.153923205342236970e-06
1.153923205342236970e-06
1.153923205342236970e-06
1.153923205342236970e-06
1.153923205342236970e-06
1.153923205342236970e-06
3.786310517529215489e-07
3.786310517529215489e-07
3.786310517529215489e-07
3.786310517529215489e-07
3.786310517529215489e-07
3.786310517529215489e-07
3.786310517529215489e-07
3.786310517529215489e-07
3.786310517529215489e-07
3.786310517529215489e-07
3.786310517529215489e-07
3.305509181969949820e-07
3.305509181969949820e-07
3.305509181969949820e-07
3.305509181969949820e-07
3.305509181969949820e-07
3.305509181969949820e-07
3.305509181969949820e-07
1.173956594323873203e-06
1.173956594323873203e-06
1.173956594323873203e-06
1.173956594323873203e-06
1.173956594323873203e-06
1.173956594323873203e-06
1.173956594323873203e-06
1.173956594323873203e-06
1.173956594323873203e-06
1.173956594323873203e-06
9.215358931552587136e-08
9.215358931552587136e-08
9.215358931552587136e-08
9.215358931552587136e-08
9.215358931552587136e-08
9.215358931552587136e-08
9.215358931552587136e-08
9.215358931552587136e-08
9.215358931552587136e-08
9.215358931552587136e-08
9.215358931552587136e-08
9.215358931552587136e-08
3.786310517529215489e-07
3.786310517529215489e-07
3.786310517529215489e-07
3.786310517529215489e-07
3.786310517529215489e-07
3.786310517529215489e-07
3.786310517529215489e-07
3.786310517529215489e-07
