1.692821368948247005e-07
1.692821368948247005e-07
1.692821368948247005e-07
1.692821368948247005e-07
1.692821368948247005e-07
1.692821368948247005e-07
1.692821368948247005e-07
1.692821368948247005e-07
1.692821368948247005e-07
1.692821368948247005e-07
1.692821368948247005e-07
1.692821368948247005e-07
1.692821368948247005e-07
1.692821368948247005e-07
5.148580968280467777e-07
5.148580968280467777e-07
5.148580968280467777e-07
5.148580968280467777e-07
5.148580968280467777e-07
5.148580968280467777e-07
5.148580968280467777e-07
5.148580968280467777e-07
1.762938230383973237e-07
1.762938230383973237e-07
1.762938230383973237e-07
1.762938230383973237e-07
1.762938230383973237e-07
1.762938230383973237e-07
1.762938230383973237e-07
1.762938230383973237e-07
1.762938230383973237e-07
1.762938230383973237e-07
1.672787979966611090e-07
1.672787979966611090e-07
1.672787979966611090e-07
1.672787979966611090e-07
1.672787979966611090e-07
1.672787979966611090e-07
1.672787979966611090e-07
1.692821368948247005e-07
1.692821368948247005e-07
1.692821368948247005e-07
1.692821368948247005e-07
1.692821368948247005e-07
1.692821368948247005e-07
1.692821368948247005e-07
1.692821368948247005e-07
1.692821368948247005e-07
1.692821368948247005e-07
1.692821368948247005e-07
1.692821368948247005e-07
1.692821368948247005e-07
1.692821368948247005e-07
1.692821368948247005e-07
1.752921535893155280e-07
1.752921535893155280e-07
1.752921535893155280e-07
1.752921535893155280e-07
1.752921535893155280e-07
1.752921535893155280e-07
1.752921535893155280e-07
1.752921535893155280e-07
1.752921535893155280e-07
1.752921535893155280e-07
1.752921535893155280e-07
1.742904841402337322e-07
1.742904841402337322e-07
1.742904841402337322e-07
1.742904841402337322e-07
1.742904841402337322e-07
1.742904841402337322e-07
1.742904841402337322e-07
1.742904841402337322e-07
1.742904841402337322e-07
1.742904841402337322e-07
1.742904841402337322e-07
1.742904841402337322e-07
1.742904841402337322e-07
1.722871452420701142e-07
1.722871452420701142e-07
1.722871452420701142e-07
1.722871452420701142e-07
1.722871452420701142e-07
1.722871452420701142e-07
1.722871452420701142e-07
1.722871452420701142e-07
1.742904841402337322e-07
1.742904841402337322e-07
1.742904841402337322e-07
1.742904841402337322e-07
1.742904841402337322e-07
1.742904841402337322e-07
1.742904841402337322e-07
1.742904841402337322e-07
1.752921535893155280e-07
1.752921535893155280e-07
1.752921535893155280e-07
1.752921535893155280e-07
1.752921535893155280e-07
1.752921535893155280e-07
1.752921535893155280e-07
1.752921535893155280e-07
1.752921535893155280e-07
1.752921535893155280e-07
1.752921535893155280e-07
1.752921535893155280e-07
1.752921535893155280e-07
1.752921535893155280e-07
4.096828046744574026e-07
4.096828046744574026e-07
4.096828046744574026e-07
4.096828046744574026e-07
4.096828046744574026e-07
4.096828046744574026e-07
4.096828046744574026e-07
1.762938230383973237e-07
1.762938230383973237e-07
1.762938230383973237e-07
1.762938230383973237e-07
1.762938230383973237e-07
1.762938230383973237e-07
1.692821368948247005e-07
1.692821368948247005e-07
1.692821368948247005e-07
1.672787979966611090e-07
1.672787979966611090e-07
1.672787979966611090e-07
1.672787979966611090e-07
1.672787979966611090e-07
1.672787979966611090e-07
1.722871452420701142e-07
1.722871452420701142e-07
1.722871452420701142e-07
1.722871452420701142e-07
1.722871452420701142e-07
1.722871452420701142e-07
1.722871452420701142e-07
1.722871452420701142e-07
1.722871452420701142e-07
1.722871452420701142e-07
1.722871452420701142e-07
4.507512520868113331e-08
4.507512520868113331e-08
4.507512520868113331e-08
4.507512520868113331e-08
4.507512520868113331e-08
4.507512520868113331e-08
4.507512520868113331e-08
4.186978297161936439e-07
4.186978297161936439e-07
4.186978297161936439e-07
4.186978297161936439e-07
4.186978297161936439e-07
1.712854757929883185e-07
1.712854757929883185e-07
1.712854757929883185e-07
1.712854757929883185e-07
1.712854757929883185e-07
1.712854757929883185e-07
1.762938230383973237e-07
1.762938230383973237e-07
1.762938230383973237e-07
1.762938230383973237e-07
1.762938230383973237e-07
1.762938230383973237e-07
1.762938230383973237e-07
1.762938230383973237e-07
1.762938230383973237e-07
1.762938230383973237e-07
1.762938230383973237e-07
1.762938230383973237e-07
1.762938230383973237e-07
1.722871452420701142e-07
1.722871452420701142e-07
1.722871452420701142e-07
1.722871452420701142e-07
1.722871452420701142e-07
1.722871452420701142e-07
1.742904841402337322e-07
1.742904841402337322e-07
1.742904841402337322e-07
1.742904841402337322e-07
1.742904841402337322e-07
1.742904841402337322e-07
1.742904841402337322e-07
1.742904841402337322e-07
1.742904841402337322e-07
1.722871452420701142e-07
1.722871452420701142e-07
1.722871452420701142e-07
1.722871452420701142e-07
1.722871452420701142e-07
1.722871452420701142e-07
1.722871452420701142e-07
1.742904841402337322e-07
1.742904841402337322e-07
1.742904841402337322e-07
1.742904841402337322e-07
1.742904841402337322e-07
1.742904841402337322e-07
1.742904841402337322e-07
1.742904841402337322e-07
1.742904841402337322e-07
2.223706176961602726e-07
2.223706176961602726e-07
2.223706176961602726e-07
1.722871452420701142e-07
1.722871452420701142e-07
1.722871452420701142e-07
1.722871452420701142e-07
1.752921535893155280e-07
1.752921535893155280e-07
1.752921535893155280e-07
1.752921535893155280e-07
1.752921535893155280e-07
1.752921535893155280e-07
1.702838063439064963e-07
1.702838063439064963e-07
1.702838063439064963e-07
1.702838063439064963e-07
1.702838063439064963e-07
1.702838063439064963e-07
1.712854757929883185e-07
1.712854757929883185e-07
1.712854757929883185e-07
1.712854757929883185e-07
1.712854757929883185e-07
1.712854757929883185e-07
1.752921535893155280e-07
1.752921535893155280e-07
1.752921535893155280e-07
1.752921535893155280e-07
1.752921535893155280e-07
1.752921535893155280e-07
1.752921535893155280e-07
1.752921535893155280e-07
1.752921535893155280e-07
1.752921535893155280e-07
1.752921535893155280e-07
1.692821368948247005e-07
1.692821368948247005e-07
1.692821368948247005e-07
1.692821368948247005e-07
1.692821368948247005e-07
1.692821368948247005e-07
1.692821368948247005e-07
1.692821368948247005e-07
1.692821368948247005e-07
1.692821368948247005e-07
1.692821368948247005e-07
1.692821368948247005e-07
4.547579298831385558e-07
4.547579298831385558e-07
4.547579298831385558e-07
4.547579298831385558e-07
4.547579298831385558e-07
1.732888146911519100e-07
1.732888146911519100e-07
1.732888146911519100e-07
1.732888146911519100e-07
1.732888146911519100e-07
1.732888146911519100e-07
1.732888146911519100e-07
1.732888146911519100e-07
1.732888146911519100e-07
1.732888146911519100e-07
1.732888146911519100e-07
1.732888146911519100e-07
1.732888146911519100e-07
1.732888146911519100e-07
1.732888146911519100e-07
1.732888146911519100e-07
1.732888146911519100e-07
1.742904841402337322e-07
1.742904841402337322e-07
1.742904841402337322e-07
1.742904841402337322e-07
1.742904841402337322e-07
1.742904841402337322e-07
1.742904841402337322e-07
1.742904841402337322e-07
1.742904841402337322e-07
1.742904841402337322e-07
1.742904841402337322e-07
1.742904841402337322e-07
1.692821368948247005e-07
4.257095158597662936e-07
1.692821368948247005e-07
4.257095158597662936e-07
1.692821368948247005e-07
4.257095158597662936e-07
1.692821368948247005e-07
4.257095158597662936e-07
1.692821368948247005e-07
4.257095158597662936e-07
1.692821368948247005e-07
4.257095158597662936e-07
1.692821368948247005e-07
4.257095158597662936e-07
1.692821368948247005e-07
4.257095158597662936e-07
1.692821368948247005e-07
4.257095158597662936e-07
1.692821368948247005e-07
4.257095158597662936e-07
1.692821368948247005e-07
4.257095158597662936e-07
1.692821368948247005e-07
4.257095158597662936e-07
1.672787979966611090e-07
1.672787979966611090e-07
1.672787979966611090e-07
1.672787979966611090e-07
1.672787979966611090e-07
1.672787979966611090e-07
1.672787979966611090e-07
1.672787979966611090e-07
1.672787979966611090e-07
1.672787979966611090e-07
1.672787979966611090e-07
4.337228714524207126e-07
4.337228714524207126e-07
4.337228714524207126e-07
4.337228714524207126e-07
4.337228714524207126e-07
4.337228714524207126e-07
4.337228714524207126e-07
4.337228714524207126e-07
4.337228714524207126e-07
4.337228714524207126e-07
4.337228714524207126e-07
4.337228714524207126e-07
1.752921535893155280e-07
1.752921535893155280e-07
1.752921535893155280e-07
1.752921535893155280e-07
1.752921535893155280e-07
1.752921535893155280e-07
1.752921535893155280e-07
1.752921535893155280e-07
1.752921535893155280e-07
1.752921535893155280e-07
1.752921535893155280e-07
1.702838063439064963e-07
1.702838063439064963e-07
1.702838063439064963e-07
1.702838063439064963e-07
1.702838063439064963e-07
1.702838063439064963e-07
1.702838063439064963e-07
1.702838063439064963e-07
1.702838063439064963e-07
1.702838063439064963e-07
1.702838063439064963e-07
1.742904841402337322e-07
1.742904841402337322e-07
1.742904841402337322e-07
1.742904841402337322e-07
1.742904841402337322e-07
1.742904841402337322e-07
1.742904841402337322e-07
1.742904841402337322e-07
1.742904841402337322e-07
1.652754590984974910e-07
1.652754590984974910e-07
1.652754590984974910e-07
1.652754590984974910e-07
1.652754590984974910e-07
1.652754590984974910e-07
1.652754590984974910e-07
1.652754590984974910e-07
1.762938230383973237e-07
1.762938230383973237e-07
1.762938230383973237e-07
1.762938230383973237e-07
1.762938230383973237e-07
1.762938230383973237e-07
1.762938230383973237e-07
1.762938230383973237e-07
4.307178631051752988e-07
4.307178631051752988e-07
4.307178631051752988e-07
4.307178631051752988e-07
4.307178631051752988e-07
4.307178631051752988e-07
4.307178631051752988e-07
4.307178631051752988e-07
4.307178631051752988e-07
4.307178631051752988e-07
1.742904841402337322e-07
1.742904841402337322e-07
1.742904841402337322e-07
1.742904841402337322e-07
1.742904841402337322e-07
1.742904841402337322e-07
1.742904841402337322e-07
1.742904841402337322e-07
1.742904841402337322e-07
1.742904841402337322e-07
1.742904841402337322e-07
1.742904841402337322e-07
1.742904841402337322e-07
4.006677796327212144e-07
4.006677796327212144e-07
4.006677796327212144e-07
4.006677796327212144e-07
4.006677796327212144e-07
4.006677796327212144e-07
4.006677796327212144e-07
4.006677796327212144e-07
4.006677796327212144e-07
4.006677796327212144e-07
4.006677796327212144e-07
4.006677796327212144e-07
4.006677796327212144e-07
4.667779632721202108e-07
4.667779632721202108e-07
4.667779632721202108e-07
4.667779632721202108e-07
4.667779632721202108e-07
4.667779632721202108e-07
4.667779632721202108e-07
4.667779632721202108e-07
1.682804674457429047e-07
1.682804674457429047e-07
1.682804674457429047e-07
1.682804674457429047e-07
1.682804674457429047e-07
1.682804674457429047e-07
1.682804674457429047e-07
1.682804674457429047e-07
1.682804674457429047e-07
1.682804674457429047e-07
1.682804674457429047e-07
1.682804674457429047e-07
1.732888146911519100e-07
1.732888146911519100e-07
1.732888146911519100e-07
1.732888146911519100e-07
1.732888146911519100e-07
1.732888146911519100e-07
1.732888146911519100e-07
1.732888146911519100e-07
1.732888146911519100e-07
1.702838063439064963e-07
1.702838063439064963e-07
1.702838063439064963e-07
1.702838063439064963e-07
1.702838063439064963e-07
1.702838063439064963e-07
1.702838063439064963e-07
1.702838063439064963e-07
1.752921535893155280e-07
1.752921535893155280e-07
1.752921535893155280e-07
1.752921535893155280e-07
1.752921535893155280e-07
1.752921535893155280e-07
1.752921535893155280e-07
1.752921535893155280e-07
1.742904841402337322e-07
1.742904841402337322e-07
1.742904841402337322e-07
1.742904841402337322e-07
1.742904841402337322e-07
1.742904841402337322e-07
1.742904841402337322e-07
1.742904841402337322e-07
1.742904841402337322e-07
1.742904841402337322e-07
1.642737896494156952e-07
1.642737896494156952e-07
1.642737896494156952e-07
1.642737896494156952e-07
1.642737896494156952e-07
1.642737896494156952e-07
1.642737896494156952e-07
1.642737896494156952e-07
1.642737896494156952e-07
1.712854757929883185e-07
1.712854757929883185e-07
1.712854757929883185e-07
1.712854757929883185e-07
1.712854757929883185e-07
1.712854757929883185e-07
1.712854757929883185e-07
1.712854757929883185e-07
1.712854757929883185e-07
1.712854757929883185e-07
1.712854757929883185e-07
1.712854757929883185e-07
1.712854757929883185e-07
1.712854757929883185e-07
1.712854757929883185e-07
1.712854757929883185e-07
1.732888146911519100e-07
1.732888146911519100e-07
1.732888146911519100e-07
1.732888146911519100e-07
1.732888146911519100e-07
1.732888146911519100e-07
1.732888146911519100e-07
1.732888146911519100e-07
1.732888146911519100e-07
1.732888146911519100e-07
1.732888146911519100e-07
1.732888146911519100e-07
1.732888146911519100e-07
1.732888146911519100e-07
1.732888146911519100e-07
1.732888146911519100e-07
1.732888146911519100e-07
1.732888146911519100e-07
1.732888146911519100e-07
1.732888146911519100e-07
1.732888146911519100e-07
1.732888146911519100e-07
1.732888146911519100e-07
1.732888146911519100e-07
1.732888146911519100e-07
1.732888146911519100e-07
1.732888146911519100e-07
1.732888146911519100e-07
1.732888146911519100e-07
1.732888146911519100e-07
1.732888146911519100e-07
1.652754590984974910e-07
1.652754590984974910e-07
1.652754590984974910e-07
1.652754590984974910e-07
1.652754590984974910e-07
1.652754590984974910e-07
1.652754590984974910e-07
1.652754590984974910e-07
1.652754590984974910e-07
1.652754590984974910e-07
1.652754590984974910e-07
1.652754590984974910e-07
1.652754590984974910e-07
1.782971619365609417e-07
1.782971619365609417e-07
1.782971619365609417e-07
1.782971619365609417e-07
1.782971619365609417e-07
1.782971619365609417e-07
1.782971619365609417e-07
1.782971619365609417e-07
1.782971619365609417e-07
1.782971619365609417e-07
1.782971619365609417e-07
1.782971619365609417e-07
4.707846410684473938e-07
4.707846410684473938e-07
1.782971619365609417e-07
1.782971619365609417e-07
1.782971619365609417e-07
1.782971619365609417e-07
1.782971619365609417e-07
1.732888146911519100e-07
1.732888146911519100e-07
1.732888146911519100e-07
1.732888146911519100e-07
1.732888146911519100e-07
1.732888146911519100e-07
1.732888146911519100e-07
1.742904841402337322e-07
1.742904841402337322e-07
1.742904841402337322e-07
1.742904841402337322e-07
1.742904841402337322e-07
1.742904841402337322e-07
1.742904841402337322e-07
9.115191986644407561e-08
9.115191986644407561e-08
9.115191986644407561e-08
9.115191986644407561e-08
9.115191986644407561e-08
9.115191986644407561e-08
9.115191986644407561e-08
9.115191986644407561e-08
9.115191986644407561e-08
9.115191986644407561e-08
9.115191986644407561e-08
1.702838063439064963e-07
1.702838063439064963e-07
1.702838063439064963e-07
1.672787979966611090e-07
1.672787979966611090e-07
1.672787979966611090e-07
1.672787979966611090e-07
1.672787979966611090e-07
1.672787979966611090e-07
1.672787979966611090e-07
1.672787979966611090e-07
1.672787979966611090e-07
1.672787979966611090e-07
1.672787979966611090e-07
1.712854757929883185e-07
1.712854757929883185e-07
1.712854757929883185e-07
1.712854757929883185e-07
1.712854757929883185e-07
1.712854757929883185e-07
1.712854757929883185e-07
1.642737896494156952e-07
1.642737896494156952e-07
1.642737896494156952e-07
1.642737896494156952e-07
1.642737896494156952e-07
1.642737896494156952e-07
5.589315525876461086e-07
5.589315525876461086e-07
5.589315525876461086e-07
5.589315525876461086e-07
5.589315525876461086e-07
5.589315525876461086e-07
5.589315525876461086e-07
1.712854757929883185e-07
1.712854757929883185e-07
1.712854757929883185e-07
1.712854757929883185e-07
1.712854757929883185e-07
1.712854757929883185e-07
1.712854757929883185e-07
1.712854757929883185e-07
1.712854757929883185e-07
4.267111853088480629e-07
4.267111853088480629e-07
4.267111853088480629e-07
4.267111853088480629e-07
1.692821368948247005e-07
1.692821368948247005e-07
1.692821368948247005e-07
1.692821368948247005e-07
1.692821368948247005e-07
1.702838063439064963e-07
1.702838063439064963e-07
1.702838063439064963e-07
1.702838063439064963e-07
1.702838063439064963e-07
1.702838063439064963e-07
1.702838063439064963e-07
1.702838063439064963e-07
1.702838063439064963e-07
1.642737896494156952e-07
1.642737896494156952e-07
1.642737896494156952e-07
1.642737896494156952e-07
1.642737896494156952e-07
4.287145242070117073e-07
4.287145242070117073e-07
4.287145242070117073e-07
4.287145242070117073e-07
4.287145242070117073e-07
4.287145242070117073e-07
4.287145242070117073e-07
4.287145242070117073e-07
4.287145242070117073e-07
4.287145242070117073e-07
4.287145242070117073e-07
1.803005008347245332e-07
4.327212020033388903e-07
1.803005008347245332e-07
4.327212020033388903e-07
1.803005008347245332e-07
4.327212020033388903e-07
1.803005008347245332e-07
4.327212020033388903e-07
1.803005008347245332e-07
4.327212020033388903e-07
1.652754590984974910e-07
1.652754590984974910e-07
1.652754590984974910e-07
1.652754590984974910e-07
1.652754590984974910e-07
1.652754590984974910e-07
1.652754590984974910e-07
1.652754590984974910e-07
1.652754590984974910e-07
1.652754590984974910e-07
1.652754590984974910e-07
1.652754590984974910e-07
1.702838063439064963e-07
1.702838063439064963e-07
1.702838063439064963e-07
1.702838063439064963e-07
1.702838063439064963e-07
1.702838063439064963e-07
1.702838063439064963e-07
1.702838063439064963e-07
1.702838063439064963e-07
1.702838063439064963e-07
1.702838063439064963e-07
1.702838063439064963e-07
1.702838063439064963e-07
1.702838063439064963e-07
1.772954924874791195e-07
1.772954924874791195e-07
1.772954924874791195e-07
1.772954924874791195e-07
1.772954924874791195e-07
1.772954924874791195e-07
1.772954924874791195e-07
1.772954924874791195e-07
1.772954924874791195e-07
1.702838063439064963e-07
1.702838063439064963e-07
1.702838063439064963e-07
1.702838063439064963e-07
1.702838063439064963e-07
1.702838063439064963e-07
1.702838063439064963e-07
1.702838063439064963e-07
1.702838063439064963e-07
1.702838063439064963e-07
1.702838063439064963e-07
1.702838063439064963e-07
1.702838063439064963e-07
1.702838063439064963e-07
1.702838063439064963e-07
1.702838063439064963e-07
1.702838063439064963e-07
1.702838063439064963e-07
1.702838063439064963e-07
1.702838063439064963e-07
1.702838063439064963e-07
1.702838063439064963e-07
4.297161936560934766e-07
4.297161936560934766e-07
4.297161936560934766e-07
4.307178631051752988e-07
4.307178631051752988e-07
4.307178631051752988e-07
4.307178631051752988e-07
4.307178631051752988e-07
4.307178631051752988e-07
1.652754590984974910e-07
1.652754590984974910e-07
1.652754590984974910e-07
1.652754590984974910e-07
1.652754590984974910e-07
1.652754590984974910e-07
1.652754590984974910e-07
1.652754590984974910e-07
1.652754590984974910e-07
1.652754590984974910e-07
1.652754590984974910e-07
1.652754590984974910e-07
1.652754590984974910e-07
4.227045075125208798e-07
4.227045075125208798e-07
4.227045075125208798e-07
4.227045075125208798e-07
4.227045075125208798e-07
4.227045075125208798e-07
4.227045075125208798e-07
4.227045075125208798e-07
1.712854757929883185e-07
1.712854757929883185e-07
1.712854757929883185e-07
1.712854757929883185e-07
1.712854757929883185e-07
1.712854757929883185e-07
1.712854757929883185e-07
1.712854757929883185e-07
1.682804674457429047e-07
1.682804674457429047e-07
1.682804674457429047e-07
1.682804674457429047e-07
1.682804674457429047e-07
1.682804674457429047e-07
1.682804674457429047e-07
1.682804674457429047e-07
1.682804674457429047e-07
1.682804674457429047e-07
3.305509181969949820e-07
3.305509181969949820e-07
3.305509181969949820e-07
3.305509181969949820e-07
3.305509181969949820e-07
3.305509181969949820e-07
3.305509181969949820e-07
1.762938230383973237e-07
1.762938230383973237e-07
1.762938230383973237e-07
1.762938230383973237e-07
1.762938230383973237e-07
1.762938230383973237e-07
1.762938230383973237e-07
1.722871452420701142e-07
1.722871452420701142e-07
1.722871452420701142e-07
1.722871452420701142e-07
1.722871452420701142e-07
1.722871452420701142e-07
1.722871452420701142e-07
1.722871452420701142e-07
1.722871452420701142e-07
1.722871452420701142e-07
1.722871452420701142e-07
4.257095158597662936e-07
4.257095158597662936e-07
4.257095158597662936e-07
4.257095158597662936e-07
4.257095158597662936e-07
4.257095158597662936e-07
4.257095158597662936e-07
4.257095158597662936e-07
4.257095158597662936e-07
4.257095158597662936e-07
4.257095158597662936e-07
1.742904841402337322e-07
1.742904841402337322e-07
1.742904841402337322e-07
1.742904841402337322e-07
1.742904841402337322e-07
1.742904841402337322e-07
1.742904841402337322e-07
1.742904841402337322e-07
1.742904841402337322e-07
1.742904841402337322e-07
1.722871452420701142e-07
1.722871452420701142e-07
1.722871452420701142e-07
1.722871452420701142e-07
1.722871452420701142e-07
1.722871452420701142e-07
1.662771285475792868e-07
1.662771285475792868e-07
1.662771285475792868e-07
1.662771285475792868e-07
1.662771285475792868e-07
1.662771285475792868e-07
1.662771285475792868e-07
1.662771285475792868e-07
1.662771285475792868e-07
1.662771285475792868e-07
1.662771285475792868e-07
1.662771285475792868e-07
1.662771285475792868e-07
1.722871452420701142e-07
1.722871452420701142e-07
1.722871452420701142e-07
1.722871452420701142e-07
1.722871452420701142e-07
1.722871452420701142e-07
1.722871452420701142e-07
1.722871452420701142e-07
1.722871452420701142e-07
1.622704507512520773e-07
1.622704507512520773e-07
1.622704507512520773e-07
1.622704507512520773e-07
1.762938230383973237e-07
1.762938230383973237e-07
1.762938230383973237e-07
1.762938230383973237e-07
1.762938230383973237e-07
1.762938230383973237e-07
1.762938230383973237e-07
1.762938230383973237e-07
1.762938230383973237e-07
1.762938230383973237e-07
1.692821368948247005e-07
1.692821368948247005e-07
1.692821368948247005e-07
1.692821368948247005e-07
1.692821368948247005e-07
1.692821368948247005e-07
1.752921535893155280e-07
3.996661101836393921e-07
1.752921535893155280e-07
3.996661101836393921e-07
1.752921535893155280e-07
3.996661101836393921e-07
1.752921535893155280e-07
3.996661101836393921e-07
1.752921535893155280e-07
3.996661101836393921e-07
1.752921535893155280e-07
3.996661101836393921e-07
4.247078464106844713e-07
4.247078464106844713e-07
4.247078464106844713e-07
4.247078464106844713e-07
4.247078464106844713e-07
4.247078464106844713e-07
4.247078464106844713e-07
4.247078464106844713e-07
4.247078464106844713e-07
4.247078464106844713e-07
4.247078464106844713e-07
4.247078464106844713e-07
4.247078464106844713e-07
4.247078464106844713e-07
4.247078464106844713e-07
4.247078464106844713e-07
4.247078464106844713e-07
4.247078464106844713e-07
4.247078464106844713e-07
4.247078464106844713e-07
4.247078464106844713e-07
4.247078464106844713e-07
4.247078464106844713e-07
4.247078464106844713e-07
1.712854757929883185e-07
1.712854757929883185e-07
1.712854757929883185e-07
1.712854757929883185e-07
1.712854757929883185e-07
1.712854757929883185e-07
1.712854757929883185e-07
1.712854757929883185e-07
1.692821368948247005e-07
1.692821368948247005e-07
1.692821368948247005e-07
1.692821368948247005e-07
1.692821368948247005e-07
1.692821368948247005e-07
1.692821368948247005e-07
1.692821368948247005e-07
1.692821368948247005e-07
1.692821368948247005e-07
1.692821368948247005e-07
1.692821368948247005e-07
1.692821368948247005e-07
1.672787979966611090e-07
1.672787979966611090e-07
1.672787979966611090e-07
1.672787979966611090e-07
1.672787979966611090e-07
1.672787979966611090e-07
1.722871452420701142e-07
1.722871452420701142e-07
1.722871452420701142e-07
1.722871452420701142e-07
1.722871452420701142e-07
1.722871452420701142e-07
1.722871452420701142e-07
1.722871452420701142e-07
1.722871452420701142e-07
1.722871452420701142e-07
1.722871452420701142e-07
1.722871452420701142e-07
1.722871452420701142e-07
1.722871452420701142e-07
1.652754590984974910e-07
1.652754590984974910e-07
1.652754590984974910e-07
1.652754590984974910e-07
1.652754590984974910e-07
1.762938230383973237e-07
1.762938230383973237e-07
1.762938230383973237e-07
1.762938230383973237e-07
1.762938230383973237e-07
4.247078464106844713e-07
4.247078464106844713e-07
4.247078464106844713e-07
4.247078464106844713e-07
4.247078464106844713e-07
4.247078464106844713e-07
4.247078464106844713e-07
4.247078464106844713e-07
4.247078464106844713e-07
4.247078464106844713e-07
1.732888146911519100e-07
1.732888146911519100e-07
1.732888146911519100e-07
1.732888146911519100e-07
1.732888146911519100e-07
1.732888146911519100e-07
1.722871452420701142e-07
1.722871452420701142e-07
1.722871452420701142e-07
1.722871452420701142e-07
1.722871452420701142e-07
1.722871452420701142e-07
1.722871452420701142e-07
1.722871452420701142e-07
1.722871452420701142e-07
1.722871452420701142e-07
1.722871452420701142e-07
1.722871452420701142e-07
1.722871452420701142e-07
1.722871452420701142e-07
1.722871452420701142e-07
1.722871452420701142e-07
1.722871452420701142e-07
1.722871452420701142e-07
1.682804674457429047e-07
1.682804674457429047e-07
1.682804674457429047e-07
1.682804674457429047e-07
1.682804674457429047e-07
1.682804674457429047e-07
1.682804674457429047e-07
1.682804674457429047e-07
1.682804674457429047e-07
1.682804674457429047e-07
1.682804674457429047e-07
1.682804674457429047e-07
1.712854757929883185e-07
1.712854757929883185e-07
1.712854757929883185e-07
1.712854757929883185e-07
1.712854757929883185e-07
1.712854757929883185e-07
1.712854757929883185e-07
1.712854757929883185e-07
1.712854757929883185e-07
1.712854757929883185e-07
1.712854757929883185e-07
1.712854757929883185e-07
1.712854757929883185e-07
1.692821368948247005e-07
1.692821368948247005e-07
1.692821368948247005e-07
1.692821368948247005e-07
1.692821368948247005e-07
1.692821368948247005e-07
1.692821368948247005e-07
1.692821368948247005e-07
1.692821368948247005e-07
1.692821368948247005e-07
4.287145242070117073e-07
4.287145242070117073e-07
4.287145242070117073e-07
4.287145242070117073e-07
4.287145242070117073e-07
4.287145242070117073e-07
4.287145242070117073e-07
1.662771285475792868e-07
1.662771285475792868e-07
1.662771285475792868e-07
4.707846410684473938e-07
4.707846410684473938e-07
4.707846410684473938e-07
4.707846410684473938e-07
4.707846410684473938e-07
4.707846410684473938e-07
4.707846410684473938e-07
4.707846410684473938e-07
4.707846410684473938e-07
4.707846410684473938e-07
4.707846410684473938e-07
4.707846410684473938e-07
1.682804674457429047e-07
1.682804674457429047e-07
1.682804674457429047e-07
1.682804674457429047e-07
1.682804674457429047e-07
1.682804674457429047e-07
1.682804674457429047e-07
1.682804674457429047e-07
1.682804674457429047e-07
1.732888146911519100e-07
1.732888146911519100e-07
1.732888146911519100e-07
1.732888146911519100e-07
1.732888146911519100e-07
1.732888146911519100e-07
1.732888146911519100e-07
1.732888146911519100e-07
1.732888146911519100e-07
1.732888146911519100e-07
1.742904841402337322e-07
1.742904841402337322e-07
1.742904841402337322e-07
1.742904841402337322e-07
1.742904841402337322e-07
1.742904841402337322e-07
1.742904841402337322e-07
1.742904841402337322e-07
1.742904841402337322e-07
1.742904841402337322e-07
1.742904841402337322e-07
1.742904841402337322e-07
1.742904841402337322e-07
1.742904841402337322e-07
1.742904841402337322e-07
1.742904841402337322e-07
1.742904841402337322e-07
2.083472454090150262e-07
2.083472454090150262e-07
2.083472454090150262e-07
2.083472454090150262e-07
2.083472454090150262e-07
2.083472454090150262e-07
2.083472454090150262e-07
2.083472454090150262e-07
2.083472454090150262e-07
2.083472454090150262e-07
2.083472454090150262e-07
2.083472454090150262e-07
1.722871452420701142e-07
1.722871452420701142e-07
1.722871452420701142e-07
1.722871452420701142e-07
1.722871452420701142e-07
1.722871452420701142e-07
1.722871452420701142e-07
1.722871452420701142e-07
1.722871452420701142e-07
1.722871452420701142e-07
1.622704507512520773e-07
1.622704507512520773e-07
1.622704507512520773e-07
1.622704507512520773e-07
1.622704507512520773e-07
1.622704507512520773e-07
1.622704507512520773e-07
1.622704507512520773e-07
1.692821368948247005e-07
1.692821368948247005e-07
1.692821368948247005e-07
1.692821368948247005e-07
1.692821368948247005e-07
1.692821368948247005e-07
1.692821368948247005e-07
1.692821368948247005e-07
1.692821368948247005e-07
4.307178631051752988e-07
4.307178631051752988e-07
4.307178631051752988e-07
4.307178631051752988e-07
1.171953255425709506e-07
1.171953255425709506e-07
1.171953255425709506e-07
1.171953255425709506e-07
1.171953255425709506e-07
1.171953255425709506e-07
1.171953255425709506e-07
1.171953255425709506e-07
1.171953255425709506e-07
1.171953255425709506e-07
5.148580968280467777e-07
5.148580968280467777e-07
5.148580968280467777e-07
5.148580968280467777e-07
5.148580968280467777e-07
5.148580968280467777e-07
5.148580968280467777e-07
5.148580968280467777e-07
5.148580968280467777e-07
5.148580968280467777e-07
5.148580968280467777e-07
5.148580968280467777e-07
4.287145242070117073e-07
4.287145242070117073e-07
4.287145242070117073e-07
4.287145242070117073e-07
4.287145242070117073e-07
4.287145242070117073e-07
4.287145242070117073e-07
4.287145242070117073e-07
4.287145242070117073e-07
1.742904841402337322e-07
1.742904841402337322e-07
1.742904841402337322e-07
1.742904841402337322e-07
1.742904841402337322e-07
1.742904841402337322e-07
1.742904841402337322e-07
1.742904841402337322e-07
1.742904841402337322e-07
1.742904841402337322e-07
1.742904841402337322e-07
1.692821368948247005e-07
1.692821368948247005e-07
1.692821368948247005e-07
1.692821368948247005e-07
1.692821368948247005e-07
1.692821368948247005e-07
1.692821368948247005e-07
1.692821368948247005e-07
1.692821368948247005e-07
1.692821368948247005e-07
1.692821368948247005e-07
1.712854757929883185e-07
1.712854757929883185e-07
1.712854757929883185e-07
1.712854757929883185e-07
1.712854757929883185e-07
1.712854757929883185e-07
1.712854757929883185e-07
1.712854757929883185e-07
1.712854757929883185e-07
1.712854757929883185e-07
1.712854757929883185e-07
1.712854757929883185e-07
1.332220367278797886e-07
1.332220367278797886e-07
1.332220367278797886e-07
1.332220367278797886e-07
1.332220367278797886e-07
1.722871452420701142e-07
1.722871452420701142e-07
1.722871452420701142e-07
1.722871452420701142e-07
1.722871452420701142e-07
4.257095158597662936e-07
4.257095158597662936e-07
4.257095158597662936e-07
4.257095158597662936e-07
4.257095158597662936e-07
4.257095158597662936e-07
4.257095158597662936e-07
1.772954924874791195e-07
1.772954924874791195e-07
1.772954924874791195e-07
1.772954924874791195e-07
1.772954924874791195e-07
1.772954924874791195e-07
1.772954924874791195e-07
1.772954924874791195e-07
1.772954924874791195e-07
1.772954924874791195e-07
1.772954924874791195e-07
3.245409015025041545e-07
3.245409015025041545e-07
3.245409015025041545e-07
3.245409015025041545e-07
3.245409015025041545e-07
3.245409015025041545e-07
3.245409015025041545e-07
3.245409015025041545e-07
3.245409015025041545e-07
3.245409015025041545e-07
1.712854757929883185e-07
1.712854757929883185e-07
1.712854757929883185e-07
1.742904841402337322e-07
1.742904841402337322e-07
1.742904841402337322e-07
1.742904841402337322e-07
1.742904841402337322e-07
1.742904841402337322e-07
4.277128547579298851e-07
4.277128547579298851e-07
4.277128547579298851e-07
4.277128547579298851e-07
4.277128547579298851e-07
4.277128547579298851e-07
4.277128547579298851e-07
4.277128547579298851e-07
4.277128547579298851e-07
4.277128547579298851e-07
4.277128547579298851e-07
4.277128547579298851e-07
4.277128547579298851e-07
1.732888146911519100e-07
1.732888146911519100e-07
1.732888146911519100e-07
1.732888146911519100e-07
1.732888146911519100e-07
1.732888146911519100e-07
1.732888146911519100e-07
1.762938230383973237e-07
1.762938230383973237e-07
1.762938230383973237e-07
1.762938230383973237e-07
1.762938230383973237e-07
1.762938230383973237e-07
1.762938230383973237e-07
1.762938230383973237e-07
1.762938230383973237e-07
1.762938230383973237e-07
1.762938230383973237e-07
1.762938230383973237e-07
1.762938230383973237e-07
1.762938230383973237e-07
1.782971619365609417e-07
1.782971619365609417e-07
1.782971619365609417e-07
1.782971619365609417e-07
1.782971619365609417e-07
1.782971619365609417e-07
1.782971619365609417e-07
1.782971619365609417e-07
1.742904841402337322e-07
1.742904841402337322e-07
1.742904841402337322e-07
1.742904841402337322e-07
1.742904841402337322e-07
1.742904841402337322e-07
1.742904841402337322e-07
1.742904841402337322e-07
1.742904841402337322e-07
1.712854757929883185e-07
1.712854757929883185e-07
1.712854757929883185e-07
1.712854757929883185e-07
1.712854757929883185e-07
1.712854757929883185e-07
1.712854757929883185e-07
1.712854757929883185e-07
1.712854757929883185e-07
1.712854757929883185e-07
1.712854757929883185e-07
1.692821368948247005e-07
1.692821368948247005e-07
1.692821368948247005e-07
1.692821368948247005e-07
1.692821368948247005e-07
1.692821368948247005e-07
1.692821368948247005e-07
1.692821368948247005e-07
4.207011686143572354e-07
4.207011686143572354e-07
4.2070116861435723