1.232053422370617780e-07
1.232053422370617780e-07
1.232053422370617780e-07
1.232053422370617780e-07
1.232053422370617780e-07
5.409015025041736262e-07
5.409015025041736262e-07
5.409015025041736262e-07
5.409015025041736262e-07
5.409015025041736262e-07
5.409015025041736262e-07
5.409015025041736262e-07
2.293823038397328959e-07
2.293823038397328959e-07
2.293823038397328959e-07
2.293823038397328959e-07
2.293823038397328959e-07
2.293823038397328959e-07
2.293823038397328959e-07
2.293823038397328959e-07
2.293823038397328959e-07
5.709515859766276577e-07
5.709515859766276577e-07
5.709515859766276577e-07
5.709515859766276577e-07
5.709515859766276577e-07
4.597662771285475611e-07
4.597662771285475611e-07
4.597662771285475611e-07
4.597662771285475611e-07
4.597662771285475611e-07
5.759599332220367688e-07
5.759599332220367688e-07
5.759599332220367688e-07
5.759599332220367688e-07
2.123539232053422357e-07
2.123539232053422357e-07
2.123539232053422357e-07
2.123539232053422357e-07
2.123539232053422357e-07
2.123539232053422357e-07
2.123539232053422357e-07
2.123539232053422357e-07
2.123539232053422357e-07
2.123539232053422357e-07
2.123539232053422357e-07
1.242070116861435738e-07
1.242070116861435738e-07
1.242070116861435738e-07
1.242070116861435738e-07
2.103505843071786309e-08
2.103505843071786309e-08
2.103505843071786309e-08
2.103505843071786309e-08
2.103505843071786309e-08
2.103505843071786309e-08
2.103505843071786309e-08
2.103505843071786309e-08
0.000000000000000000e+00
0.000000000000000000e+00
0.000000000000000000e+00
0.000000000000000000e+00
0.000000000000000000e+00
0.000000000000000000e+00
0.000000000000000000e+00
0.000000000000000000e+00
0.000000000000000000e+00
0.000000000000000000e+00
0.000000000000000000e+00
0.000000000000000000e+00
0.000000000000000000e+00
1.462437395659432393e-07
1.462437395659432393e-07
1.462437395659432393e-07
1.462437395659432393e-07
1.462437395659432393e-07
1.462437395659432393e-07
1.462437395659432393e-07
1.462437395659432393e-07
1.462437395659432393e-07
7.512520868113522438e-08
7.512520868113522438e-08
7.512520868113522438e-08
7.512520868113522438e-08
7.512520868113522438e-08
7.512520868113522438e-08
7.512520868113522438e-08
7.512520868113522438e-08
7.512520868113522438e-08
7.512520868113522438e-08
7.512520868113522438e-08
7.512520868113522438e-08
7.512520868113522438e-08
2.894824707846410648e-07
2.894824707846410648e-07
2.894824707846410648e-07
5.058430717863104835e-07
5.058430717863104835e-07
5.058430717863104835e-07
5.058430717863104835e-07
5.058430717863104835e-07
5.058430717863104835e-07
5.058430717863104835e-07
5.058430717863104835e-07
1.392320534223706160e-07
1.392320534223706160e-07
1.392320534223706160e-07
1.392320534223706160e-07
1.392320534223706160e-07
1.392320534223706160e-07
1.392320534223706160e-07
1.392320534223706160e-07
1.392320534223706160e-07
1.392320534223706160e-07
2.534223706176961529e-07
2.534223706176961529e-07
2.534223706176961529e-07
2.534223706176961529e-07
2.534223706176961529e-07
2.534223706176961529e-07
2.534223706176961529e-07
2.534223706176961529e-07
2.534223706176961529e-07
2.534223706176961529e-07
2.534223706176961529e-07
5.398998330550918039e-07
5.398998330550918039e-07
5.398998330550918039e-07
5.398998330550918039e-07
5.398998330550918039e-07
