1.452420701168614435e-07
1.452420701168614435e-07
1.452420701168614435e-07
1.452420701168614435e-07
1.452420701168614435e-07
1.452420701168614435e-07
1.452420701168614435e-07
1.452420701168614435e-07
1.452420701168614435e-07
1.452420701168614435e-07
1.452420701168614435e-07
1.452420701168614435e-07
1.452420701168614435e-07
1.782971619365609417e-07
1.782971619365609417e-07
1.782971619365609417e-07
1.782971619365609417e-07
1.782971619365609417e-07
1.782971619365609417e-07
1.782971619365609417e-07
1.782971619365609417e-07
1.782971619365609417e-07
1.782971619365609417e-07
1.782971619365609417e-07
1.782971619365609417e-07
1.782971619365609417e-07
1.762938230383973237e-07
1.762938230383973237e-07
1.762938230383973237e-07
1.762938230383973237e-07
1.762938230383973237e-07
1.762938230383973237e-07
1.762938230383973237e-07
1.762938230383973237e-07
1.762938230383973237e-07
1.762938230383973237e-07
1.762938230383973237e-07
1.762938230383973237e-07
1.712854757929883185e-07
1.712854757929883185e-07
1.712854757929883185e-07
1.712854757929883185e-07
1.712854757929883185e-07
1.712854757929883185e-07
1.712854757929883185e-07
1.712854757929883185e-07
4.267111853088480629e-07
4.267111853088480629e-07
4.267111853088480629e-07
4.267111853088480629e-07
4.267111853088480629e-07
4.267111853088480629e-07
1.682804674457429047e-07
1.682804674457429047e-07
1.682804674457429047e-07
1.682804674457429047e-07
1.682804674457429047e-07
1.682804674457429047e-07
1.682804674457429047e-07
1.682804674457429047e-07
1.682804674457429047e-07
1.682804674457429047e-07
1.682804674457429047e-07
1.682804674457429047e-07
1.682804674457429047e-07
1.682804674457429047e-07
1.342237061769616108e-07
1.342237061769616108e-07
1.342237061769616108e-07
1.342237061769616108e-07
1.342237061769616108e-07
1.342237061769616108e-07
1.342237061769616108e-07
1.342237061769616108e-07
1.342237061769616108e-07
1.342237061769616108e-07
1.652754590984974910e-07
1.652754590984974910e-07
1.652754590984974910e-07
1.652754590984974910e-07
1.652754590984974910e-07
1.652754590984974910e-07
1.652754590984974910e-07
1.652754590984974910e-07
1.652754590984974910e-07
1.652754590984974910e-07
1.652754590984974910e-07
1.652754590984974910e-07
1.652754590984974910e-07
4.287145242070117073e-07
4.287145242070117073e-07
4.287145242070117073e-07
4.287145242070117073e-07
4.287145242070117073e-07
4.287145242070117073e-07
4.287145242070117073e-07
4.287145242070117073e-07
4.287145242070117073e-07
4.287145242070117073e-07
4.287145242070117073e-07
4.287145242070117073e-07
4.287145242070117073e-07
1.742904841402337322e-07
1.742904841402337322e-07
1.742904841402337322e-07
1.742904841402337322e-07
1.742904841402337322e-07
1.742904841402337322e-07
1.742904841402337322e-07
1.742904841402337322e-07
1.742904841402337322e-07
1.752921535893155280e-07
1.752921535893155280e-07
1.752921535893155280e-07
1.752921535893155280e-07
1.752921535893155280e-07
1.752921535893155280e-07
1.752921535893155280e-07
1.392320534223706160e-07
1.392320534223706160e-07
1.392320534223706160e-07
1.392320534223706160e-07
1.392320534223706160e-07
4.247078464106844713e-07
4.247078464106844713e-07
4.247078464106844713e-07
4.247078464106844713e-07
4.247078464106844713e-07
4.247078464106844713e-07
4.247078464106844713e-07
1.712854757929883185e-07
1.712854757929883185e-07
1.712854757929883185e-07
1.712854757929883185e-07
1.712854757929883185e-07
1.712854757929883185e-07
1.712854757929883185e-07
1.712854757929883185e-07
1.712854757929883185e-07
1.712854757929883185e-07
1.712854757929883185e-07
1.712854757929883185e-07
3.025041736227044891e-07
3.025041736227044891e-07
3.025041736227044891e-07
3.025041736227044891e-07
3.025041736227044891e-07
3.025041736227044891e-07
3.025041736227044891e-07
3.025041736227044891e-07
3.025041736227044891e-07
3.025041736227044891e-07
3.025041736227044891e-07
3.025041736227044891e-07
3.025041736227044891e-07
3.025041736227044891e-07
1.732888146911519100e-07
1.732888146911519100e-07
1.732888146911519100e-07
1.732888146911519100e-07
1.732888146911519100e-07
1.732888146911519100e-07
1.732888146911519100e-07
1.732888146911519100e-07
1.732888146911519100e-07
4.257095158597662936e-07
4.257095158597662936e-07
4.257095158597662936e-07
4.257095158597662936e-07
4.257095158597662936e-07
4.257095158597662936e-07
4.257095158597662936e-07
4.257095158597662936e-07
4.257095158597662936e-07
4.257095158597662936e-07
4.257095158597662936e-07
4.257095158597662936e-07
1.722871452420701142e-07
1.722871452420701142e-07
1.722871452420701142e-07
1.702838063439064963e-07
3.856427378964941457e-07
1.702838063439064963e-07
3.856427378964941457e-07
1.702838063439064963e-07
3.856427378964941457e-07
1.702838063439064963e-07
3.856427378964941457e-07
1.702838063439064963e-07
3.856427378964941457e-07
1.702838063439064963e-07
3.856427378964941457e-07
1.512520868113522445e-07
1.512520868113522445e-07
1.512520868113522445e-07
1.512520868113522445e-07
1.512520868113522445e-07
1.512520868113522445e-07
1.512520868113522445e-07
1.512520868113522445e-07
1.512520868113522445e-07
1.512520868113522445e-07
1.512520868113522445e-07
1.512520868113522445e-07
1.512520868113522445e-07
1.512520868113522445e-07
1.792988313856427375e-07
4.307178631051752988e-07
1.792988313856427375e-07
4.307178631051752988e-07
1.792988313856427375e-07
4.307178631051752988e-07
1.792988313856427375e-07
4.307178631051752988e-07
1.792988313856427375e-07
4.307178631051752988e-07
1.792988313856427375e-07
4.307178631051752988e-07
1.792988313856427375e-07
4.307178631051752988e-07
1.792988313856427375e-07
4.307178631051752988e-07
1.792988313856427375e-07
4.307178631051752988e-07
1.792988313856427375e-07
4.307178631051752988e-07
1.792988313856427375e-07
4.307178631051752988e-07
1.622704507512520773e-07
1.622704507512520773e-07
4.207011686143572354e-07
4.207011686143572354e-07
4.207011686143572354e-07
4.207011686143572354e-07
4.207011686143572354e-07
4.207011686143572354e-07
4.207011686143572354e-07
5.589315525876461086e-07
5.589315525876461086e-07
5.589315525876461086e-07
5.589315525876461086e-07
5.589315525876461086e-07
5.589315525876461086e-07
5.589315525876461086e-07
5.589315525876461086e-07
5.589315525876461086e-07
5.589315525876461086e-07
5.589315525876461086e-07
5.589315525876461086e-07
1.382303839732888203e-07
1.382303839732888203e-07
1.382303839732888203e-07
1.382303839732888203e-07
1.382303839732888203e-07
1.382303839732888203e-07
1.382303839732888203e-07
1.382303839732888203e-07
1.382303839732888203e-07
1.382303839732888203e-07
1.382303839732888203e-07
1.382303839732888203e-07
1.382303839732888203e-07
1.712854757929883185e-07
4.267111853088480629e-07
1.712854757929883185e-07
4.267111853088480629e-07
1.712854757929883185e-07
4.267111853088480629e-07
1.712854757929883185e-07
4.267111853088480629e-07
1.712854757929883185e-07
4.267111853088480629e-07
1.712854757929883185e-07
4.267111853088480629e-07
1.712854757929883185e-07
4.267111853088480629e-07
1.712854757929883185e-07
4.267111853088480629e-07
1.712854757929883185e-07
4.267111853088480629e-07
1.362270450751252023e-07
1.362270450751252023e-07
1.362270450751252023e-07
1.362270450751252023e-07
1.362270450751252023e-07
1.362270450751252023e-07
1.362270450751252023e-07
1.362270450751252023e-07
1.742904841402337322e-07
1.742904841402337322e-07
1.742904841402337322e-07
1.742904841402337322e-07
1.742904841402337322e-07
1.742904841402337322e-07
1.742904841402337322e-07
1.742904841402337322e-07
1.742904841402337322e-07
1.742904841402337322e-07
1.742904841402337322e-07
1.742904841402337322e-07
1.742904841402337322e-07
1.502504173622704488e-07
1.502504173622704488e-07
1.502504173622704488e-07
1.502504173622704488e-07
1.502504173622704488e-07
1.502504173622704488e-07
1.502504173622704488e-07
1.502504173622704488e-07
1.502504173622704488e-07
1.502504173622704488e-07
1.502504173622704488e-07
3.395659432387312232e-07
3.395659432387312232e-07
3.395659432387312232e-07
3.395659432387312232e-07
4.277128547579298851e-07
4.277128547579298851e-07
4.277128547579298851e-07
4.277128547579298851e-07
4.277128547579298851e-07
4.277128547579298851e-07
4.277128547579298851e-07
4.277128547579298851e-07
4.277128547579298851e-07
4.277128547579298851e-07
1.672787979966611090e-07
1.672787979966611090e-07
1.722871452420701142e-07
1.722871452420701142e-07
1.722871452420701142e-07
1.722871452420701142e-07
1.722871452420701142e-07
1.722871452420701142e-07
1.722871452420701142e-07
1.722871452420701142e-07
1.722871452420701142e-07
4.477462437395659590e-07
4.477462437395659590e-07
4.477462437395659590e-07
4.477462437395659590e-07
4.477462437395659590e-07
4.477462437395659590e-07
4.477462437395659590e-07
4.477462437395659590e-07
4.477462437395659590e-07
4.477462437395659590e-07
4.477462437395659590e-07
4.477462437395659590e-07
1.682804674457429047e-07
1.682804674457429047e-07
1.682804674457429047e-07
1.682804674457429047e-07
1.682804674457429047e-07
1.682804674457429047e-07
1.682804674457429047e-07
1.682804674457429047e-07
1.682804674457429047e-07
1.682804674457429047e-07
1.682804674457429047e-07
1.682804674457429047e-07
1.682804674457429047e-07
1.682804674457429047e-07
1.632721202003338995e-07
1.632721202003338995e-07
1.632721202003338995e-07
1.632721202003338995e-07
1.632721202003338995e-07
1.632721202003338995e-07
1.632721202003338995e-07
1.632721202003338995e-07
1.632721202003338995e-07
1.632721202003338995e-07
1.632721202003338995e-07
1.632721202003338995e-07
5.909849749582637978e-08
5.909849749582637978e-08
5.909849749582637978e-08
5.909849749582637978e-08
5.909849749582637978e-08
5.909849749582637978e-08
5.909849749582637978e-08
1.692821368948247005e-07
1.692821368948247005e-07
1.692821368948247005e-07
1.692821368948247005e-07
1.692821368948247005e-07
1.692821368948247005e-07
1.692821368948247005e-07
1.752921535893155280e-07
4.838063439065108180e-07
1.752921535893155280e-07
4.838063439065108180e-07
1.752921535893155280e-07
4.838063439065108180e-07
1.752921535893155280e-07
4.838063439065108180e-07
1.752921535893155280e-07
4.838063439065108180e-07
1.712854757929883185e-07
1.712854757929883185e-07
1.712854757929883185e-07
1.702838063439064963e-07
1.702838063439064963e-07
1.702838063439064963e-07
1.702838063439064963e-07
1.702838063439064963e-07
1.702838063439064963e-07
1.702838063439064963e-07
1.702838063439064963e-07
1.702838063439064963e-07
1.572621035058430720e-07
1.572621035058430720e-07
1.572621035058430720e-07
3.125208681135225525e-07
3.125208681135225525e-07
3.125208681135225525e-07
3.125208681135225525e-07
3.125208681135225525e-07
3.125208681135225525e-07
3.125208681135225525e-07
3.125208681135225525e-07
3.125208681135225525e-07
3.125208681135225525e-07
3.125208681135225525e-07
3.125208681135225525e-07
1.702838063439064963e-07
1.702838063439064963e-07
1.702838063439064963e-07
1.702838063439064963e-07
1.702838063439064963e-07
1.722871452420701142e-07
1.722871452420701142e-07
1.722871452420701142e-07
1.722871452420701142e-07
1.722871452420701142e-07
1.722871452420701142e-07
1.722871452420701142e-07
1.722871452420701142e-07
1.722871452420701142e-07
1.722871452420701142e-07
1.722871452420701142e-07
1.722871452420701142e-07
1.722871452420701142e-07
4.297161936560934766e-07
4.297161936560934766e-07
4.297161936560934766e-07
4.297161936560934766e-07
4.297161936560934766e-07
4.297161936560934766e-07
4.297161936560934766e-07
4.297161936560934766e-07
4.297161936560934766e-07
4.297161936560934766e-07
4.267111853088480629e-07
4.267111853088480629e-07
4.267111853088480629e-07
4.267111853088480629e-07
4.267111853088480629e-07
4.267111853088480629e-07
4.267111853088480629e-07
4.267111853088480629e-07
1.742904841402337322e-07
4.317195325542570681e-07
1.742904841402337322e-07
4.317195325542570681e-07
1.742904841402337322e-07
4.317195325542570681e-07
1.742904841402337322e-07
4.317195325542570681e-07
1.742904841402337322e-07
4.317195325542570681e-07
1.742904841402337322e-07
4.317195325542570681e-07
1.722871452420701142e-07
1.722871452420701142e-07
1.722871452420701142e-07
1.722871452420701142e-07
1.722871452420701142e-07
1.722871452420701142e-07
1.722871452420701142e-07
1.722871452420701142e-07
1.722871452420701142e-07
1.722871452420701142e-07
1.722871452420701142e-07
1.722871452420701142e-07
1.722871452420701142e-07
1.722871452420701142e-07
1.722871452420701142e-07
1.722871452420701142e-07
1.722871452420701142e-07
1.722871452420701142e-07
1.722871452420701142e-07
1.722871452420701142e-07
1.722871452420701142e-07
1.722871452420701142e-07
1.722871452420701142e-07
1.722871452420701142e-07
1.722871452420701142e-07
1.722871452420701142e-07
1.722871452420701142e-07
1.722871452420701142e-07
1.722871452420701142e-07
1.722871452420701142e-07
1.722871452420701142e-07
1.722871452420701142e-07
1.722871452420701142e-07
1.722871452420701142e-07
1.722871452420701142e-07
1.722871452420701142e-07
1.722871452420701142e-07
1.722871452420701142e-07
1.722871452420701142e-07
1.772954924874791195e-07
1.772954924874791195e-07
1.772954924874791195e-07
1.772954924874791195e-07
1.772954924874791195e-07
1.772954924874791195e-07
1.772954924874791195e-07
1.772954924874791195e-07
1.772954924874791195e-07
1.772954924874791195e-07
1.772954924874791195e-07
4.257095158597662936e-07
4.257095158597662936e-07
4.257095158597662936e-07
4.257095158597662936e-07
4.257095158597662936e-07
4.257095158597662936e-07
4.257095158597662936e-07
4.257095158597662936e-07
4.257095158597662936e-07
4.257095158597662936e-07
4.257095158597662936e-07
4.257095158597662936e-07
4.257095158597662936e-07
5.038397328881469449e-07
5.038397328881469449e-07
5.038397328881469449e-07
5.038397328881469449e-07
5.038397328881469449e-07
5.038397328881469449e-07
5.038397328881469449e-07
5.038397328881469449e-07
5.038397328881469449e-07
1.402337228714524118e-07
1.402337228714524118e-07
1.402337228714524118e-07
1.402337228714524118e-07
1.402337228714524118e-07
1.402337228714524118e-07
1.402337228714524118e-07
4.247078464106844713e-07
4.247078464106844713e-07
4.247078464106844713e-07
4.247078464106844713e-07
4.247078464106844713e-07
4.247078464106844713e-07
4.247078464106844713e-07
4.267111853088480629e-07
4.267111853088480629e-07
4.267111853088480629e-07
4.267111853088480629e-07
4.267111853088480629e-07
4.267111853088480629e-07
4.267111853088480629e-07
4.267111853088480629e-07
4.267111853088480629e-07
4.267111853088480629e-07
4.267111853088480629e-07
1.712854757929883185e-07
1.712854757929883185e-07
1.712854757929883185e-07
1.712854757929883185e-07
1.712854757929883185e-07
1.712854757929883185e-07
1.712854757929883185e-07
1.712854757929883185e-07
1.712854757929883185e-07
1.712854757929883185e-07
1.722871452420701142e-07
1.722871452420701142e-07
1.722871452420701142e-07
1.722871452420701142e-07
1.552587646076794540e-07
1.762938230383973237e-07
1.552587646076794540e-07
1.762938230383973237e-07
1.552587646076794540e-07
1.762938230383973237e-07
1.702838063439064963e-07
1.702838063439064963e-07
1.702838063439064963e-07
1.702838063439064963e-07
1.702838063439064963e-07
1.702838063439064963e-07
1.702838063439064963e-07
1.702838063439064963e-07
1.702838063439064963e-07
1.702838063439064963e-07
1.702838063439064963e-07
1.702838063439064963e-07
1.742904841402337322e-07
1.742904841402337322e-07
1.742904841402337322e-07
1.742904841402337322e-07
1.742904841402337322e-07
1.742904841402337322e-07
1.742904841402337322e-07
1.742904841402337322e-07
1.742904841402337322e-07
1.742904841402337322e-07
1.742904841402337322e-07
1.742904841402337322e-07
3.706176961602671299e-07
3.706176961602671299e-07
3.706176961602671299e-07
3.706176961602671299e-07
3.706176961602671299e-07
3.706176961602671299e-07
1.652754590984974910e-07
1.873121869782971565e-07
1.652754590984974910e-07
1.873121869782971565e-07
1.652754590984974910e-07
1.873121869782971565e-07
1.652754590984974910e-07
1.873121869782971565e-07
1.732888146911519100e-07
1.732888146911519100e-07
1.732888146911519100e-07
1.732888146911519100e-07
1.732888146911519100e-07
4.267111853088480629e-07
4.737896494156928075e-07
4.267111853088480629e-07
4.737896494156928075e-07
4.267111853088480629e-07
4.737896494156928075e-07
4.267111853088480629e-07
4.737896494156928075e-07
4.267111853088480629e-07
4.737896494156928075e-07
4.267111853088480629e-07
4.737896494156928075e-07
4.267111853088480629e-07
4.737896494156928075e-07
1.682804674457429047e-07
1.682804674457429047e-07
1.682804674457429047e-07
1.682804674457429047e-07
1.682804674457429047e-07
1.682804674457429047e-07
1.682804674457429047e-07
1.682804674457429047e-07
1.682804674457429047e-07
1.682804674457429047e-07
1.682804674457429047e-07
1.682804674457429047e-07
4.647746243739565663e-07
4.647746243739565663e-07
4.647746243739565663e-07
4.647746243739565663e-07
4.647746243739565663e-07
4.647746243739565663e-07
4.647746243739565663e-07
4.647746243739565663e-07
4.647746243739565663e-07
4.647746243739565663e-07
4.647746243739565663e-07
1.692821368948247005e-07
1.692821368948247005e-07
1.692821368948247005e-07
1.692821368948247005e-07
1.692821368948247005e-07
1.692821368948247005e-07
1.692821368948247005e-07
1.692821368948247005e-07
1.692821368948247005e-07
1.692821368948247005e-07
1.732888146911519100e-07
1.732888146911519100e-07
1.732888146911519100e-07
1.732888146911519100e-07
1.732888146911519100e-07
4.207011686143572354e-07
4.207011686143572354e-07
4.207011686143572354e-07
4.207011686143572354e-07
4.207011686143572354e-07
4.207011686143572354e-07
1.762938230383973237e-07
1.762938230383973237e-07
1.762938230383973237e-07
1.762938230383973237e-07
1.762938230383973237e-07
1.762938230383973237e-07
1.762938230383973237e-07
1.762938230383973237e-07
1.762938230383973237e-07
1.762938230383973237e-07
4.006677796327212144e-07
4.006677796327212144e-07
4.006677796327212144e-07
4.006677796327212144e-07
4.006677796327212144e-07
4.006677796327212144e-07
4.006677796327212144e-07
4.006677796327212144e-07
4.006677796327212144e-07
4.006677796327212144e-07
4.006677796327212144e-07
4.006677796327212144e-07
1.622704507512520773e-07
1.622704507512520773e-07
1.622704507512520773e-07
1.622704507512520773e-07
1.622704507512520773e-07
1.622704507512520773e-07
1.712854757929883185e-07
1.712854757929883185e-07
1.712854757929883185e-07
1.712854757929883185e-07
1.712854757929883185e-07
1.712854757929883185e-07
1.712854757929883185e-07
1.712854757929883185e-07
1.712854757929883185e-07
1.732888146911519100e-07
1.732888146911519100e-07
1.732888146911519100e-07
1.732888146911519100e-07
1.732888146911519100e-07
1.762938230383973237e-07
1.762938230383973237e-07
1.762938230383973237e-07
1.762938230383973237e-07
1.762938230383973237e-07
1.762938230383973237e-07
1.762938230383973237e-07
1.762938230383973237e-07
1.692821368948247005e-07
1.692821368948247005e-07
1.692821368948247005e-07
1.692821368948247005e-07
1.692821368948247005e-07
1.692821368948247005e-07
1.692821368948247005e-07
1.692821368948247005e-07
1.692821368948247005e-07
1.692821368948247005e-07
1.692821368948247005e-07
1.502504173622704488e-07
1.502504173622704488e-07
1.502504173622704488e-07
1.502504173622704488e-07
1.502504173622704488e-07
1.502504173622704488e-07
1.502504173622704488e-07
1.502504173622704488e-07
1.502504173622704488e-07
1.502504173622704488e-07
1.752921535893155280e-07
1.752921535893155280e-07
1.752921535893155280e-07
1.752921535893155280e-07
1.752921535893155280e-07
1.752921535893155280e-07
1.792988313856427375e-07
1.792988313856427375e-07
1.792988313856427375e-07
1.792988313856427375e-07
1.722871452420701142e-07
1.722871452420701142e-07
1.722871452420701142e-07
1.722871452420701142e-07
1.722871452420701142e-07
1.722871452420701142e-07
1.722871452420701142e-07
1.722871452420701142e-07
1.722871452420701142e-07
1.722871452420701142e-07
1.722871452420701142e-07
1.722871452420701142e-07
1.722871452420701142e-07
1.722871452420701142e-07
1.722871452420701142e-07
1.722871452420701142e-07
1.722871452420701142e-07
1.722871452420701142e-07
1.382303839732888203e-07
1.382303839732888203e-07
1.382303839732888203e-07
1.382303839732888203e-07
1.382303839732888203e-07
1.382303839732888203e-07
1.382303839732888203e-07
1.382303839732888203e-07
1.382303839732888203e-07
1.452420701168614435e-07
1.452420701168614435e-07
1.452420701168614435e-07
1.452420701168614435e-07
1.452420701168614435e-07
1.452420701168614435e-07
1.452420701168614435e-07
1.452420701168614435e-07
1.452420701168614435e-07
1.091819699499165316e-07
1.091819699499165316e-07
1.091819699499165316e-07
1.091819699499165316e-07
1.091819699499165316e-07
1.091819699499165316e-07
1.772954924874791195e-07
1.772954924874791195e-07
1.772954924874791195e-07
1.772954924874791195e-07
1.772954924874791195e-07
1.772954924874791195e-07
1.772954924874791195e-07
1.772954924874791195e-07
1.772954924874791195e-07
1.772954924874791195e-07
1.772954924874791195e-07
1.772954924874791195e-07
1.772954924874791195e-07
1.722871452420701142e-07
1.722871452420701142e-07
1.722871452420701142e-07
1.722871452420701142e-07
1.722871452420701142e-07
1.722871452420701142e-07
1.722871452420701142e-07
1.722871452420701142e-07
1.722871452420701142e-07
1.722871452420701142e-07
1.722871452420701142e-07
1.712854757929883185e-07
1.712854757929883185e-07
1.712854757929883185e-07
1.712854757929883185e-07
1.712854757929883185e-07
1.712854757929883185e-07
1.712854757929883185e-07
1.712854757929883185e-07
1.712854757929883185e-07
1.662771285475792868e-07
1.662771285475792868e-07
1.662771285475792868e-07
1.662771285475792868e-07
1.662771285475792868e-07
1.712854757929883185e-07
1.712854757929883185e-07
1.712854757929883185e-07
1.712854757929883185e-07
1.712854757929883185e-07
1.712854757929883185e-07
1.712854757929883185e-07
1.712854757929883185e-07
1.712854757929883185e-07
1.712854757929883185e-07
1.712854757929883185e-07
1.752921535893155280e-07
1.752921535893155280e-07
1.752921535893155280e-07
1.752921535893155280e-07
1.752921535893155280e-07
1.752921535893155280e-07
1.752921535893155280e-07
1.752921535893155280e-07
1.752921535893155280e-07
1.752921535893155280e-07
1.752921535893155280e-07
1.752921535893155280e-07
1.692821368948247005e-07
1.692821368948247005e-07
1.692821368948247005e-07
1.692821368948247005e-07
1.692821368948247005e-07
1.692821368948247005e-07
1.692821368948247005e-07
1.692821368948247005e-07
1.692821368948247005e-07
1.692821368948247005e-07
1.692821368948247005e-07
1.692821368948247005e-07
1.672787979966611090e-07
1.672787979966611090e-07
1.672787979966611090e-07
1.672787979966611090e-07
1.672787979966611090e-07
1.672787979966611090e-07
1.672787979966611090e-07
1.672787979966611090e-07
1.702838063439064963e-07
1.702838063439064963e-07
1.702838063439064963e-07
1.702838063439064963e-07
1.953255425709515755e-07
1.953255425709515755e-07
1.953255425709515755e-07
1.953255425709515755e-07
1.953255425709515755e-07
1.953255425709515755e-07
1.953255425709515755e-07
1.953255425709515755e-07
1.953255425709515755e-07
1.953255425709515755e-07
1.652754590984974910e-07
1.652754590984974910e-07
1.652754590984974910e-07
1.652754590984974910e-07
1.652754590984974910e-07
1.652754590984974910e-07
1.652754590984974910e-07
1.712854757929883185e-07
1.712854757929883185e-07
1.712854757929883185e-07
1.712854757929883185e-07
1.712854757929883185e-07
1.712854757929883185e-07
1.712854757929883185e-07
1.712854757929883185e-07
1.712854757929883185e-07
1.712854757929883185e-07
1.712854757929883185e-07
1.712854757929883185e-07
1.722871452420701142e-07
1.722871452420701142e-07
1.722871452420701142e-07
1.722871452420701142e-07
1.722871452420701142e-07
1.722871452420701142e-07
1.722871452420701142e-07
1.722871452420701142e-07
1.722871452420701142e-07
1.722871452420701142e-07
1.692821368948247005e-07
1.692821368948247005e-07
1.692821368948247005e-07
1.622704507512520773e-07
1.622704507512520773e-07
1.622704507512520773e-07
1.622704507512520773e-07
1.622704507512520773e-07
1.622704507512520773e-07
1.622704507512520773e-07
1.622704507512520773e-07
4.207011686143572354e-07
4.207011686143572354e-07
4.207011686143572354e-07
1.712854757929883185e-07
1.712854757929883185e-07
1.712854757929883185e-07
1.712854757929883185e-07
1.712854757929883185e-07
1.712854757929883185e-07
1.712854757929883185e-07
1.712854757929883185e-07
1.712854757929883185e-07
1.762938230383973237e-07
1.762938230383973237e-07
1.762938230383973237e-07
1.762938230383973237e-07
1.762938230383973237e-07
1.762938230383973237e-07
1.762938230383973237e-07
1.762938230383973237e-07
1.762938230383973237e-07
1.762938230383973237e-07
1.762938230383973237e-07
3.135225375626043218e-07
3.135225375626043218e-07
3.135225375626043218e-07
3.135225375626043218e-07
3.135225375626043218e-07
3.135225375626043218e-07
3.135225375626043218e-07
3.135225375626043218e-07
3.135225375626043218e-07
3.135225375626043218e-07
3.135225375626043218e-07
3.135225375626043218e-07
3.135225375626043218e-07
1.732888146911519100e-07
1.732888146911519100e-07
1.732888146911519100e-07
1.732888146911519100e-07
1.732888146911519100e-07
1.732888146911519100e-07
1.732888146911519100e-07
1.742904841402337322e-07
1.742904841402337322e-07
1.742904841402337322e-07
1.742904841402337322e-07
1.742904841402337322e-07
1.742904841402337322e-07
1.412353923205342340e-07
1.412353923205342340e-07
1.412353923205342340e-07
1.412353923205342340e-07
1.412353923205342340e-07
1.412353923205342340e-07
1.412353923205342340e-07
1.412353923205342340e-07
1.412353923205342340e-07
1.412353923205342340e-07
1.412353923205342340e-07
1.412353923205342340e-07
1.412353923205342340e-07
1.732888146911519100e-07
1.732888146911519100e-07
1.732888146911519100e-07
1.732888146911519100e-07
1.732888146911519100e-07
1.732888146911519100e-07
1.732888146911519100e-07
1.732888146911519100e-07
1.732888146911519100e-07
1.732888146911519100e-07
1.732888146911519100e-07
1.732888146911519100e-07
1.722871452420701142e-07
1.722871452420701142e-07
1.722871452420701142e-07
1.722871452420701142e-07
1.722871452420701142e-07
1.722871452420701142e-07
1.722871452420701142e-07
1.722871452420701142e-07
1.722871452420701142e-07
1.722871452420701142e-07
1.722871452420701142e-07
1.722871452420701142e-07
1.722871452420701142e-07
1.722871452420701142e-07
1.722871452420701142e-07
1.722871452420701142e-07
1.722871452420701142e-07
1.722871452420701142e-07
1.722871452420701142e-07
1.712854757929883185e-07
1.712854757929883185e-07
1.712854757929883185e-07
1.712854757929883185e-07
1.742904841402337322e-07
1.742904841402337322e-07
1.742904841402337322e-07
1.742904841402337322e-07
1.742904841402337322e-07
3.766277128547579044e-07
3.766277128547579044e-07
3.766277128547579044e-07
1.722871452420701142e-07
1.722871452420701142e-07
1.722871452420701142e-07
1.722871452420701142e-07
1.722871452420701142e-07
1.722871452420701142e-07
1.722871452420701142e-07
1.722871452420701142e-07
1.722871452420701142e-07
1.722871452420701142e-07
1.722871452420701142e-07
1.772954924874791195e-07
1.772954924874791195e-07
1.772954924874791195e-07
1.772954924874791195e-07
1.772954924874791195e-07
1.772954924874791195e-07
1.772954924874791195e-07
1.772954924874791195e-07
1.702838063439064963e-07
1.702838063439064963e-07
1.702838063439064963e-07
1.702838063439064963e-07
1.702838063439064963e-07
1.702838063439064963e-07
1.702838063439064963e-07
1.702838063439064963e-07
1.702838063439064963e-07
1.702838063439064963e-07
1.772954924874791195e-07
1.772954924874791195e-07
1.772954924874791195e-07
1.772954924874791195e-07
1.772954924874791195e-07
1.772954924874791195e-07
1.772954924874791195e-07
1.752921535893155280e-07
1.752921535893155280e-07
1.752921535893155280e-07
1.752921535893155280e-07
1.752921535893155280e-07
1.752921535893155280e-07
1.752921535893155280e-07
1.752921535893155280e-07
4.297161936560934766e-07
4.297161936560934766e-07
4.297161936560934766e-07
4.297161936560934766e-07
4.297161936560934766e-07
4.297161936560934766e-07
4.297161936560934766e-07
4.297161936560934766e-07
4.297161936560934766e-07
4.297161936560934766e-07
4.297161936560934766e-07
4.297161936560934766e-07
4.297161936560934766e-07
1.722871452420701142e-07
1.722871452420701142e-07
1.722871452420701142e-07
1.722871452420701142e-07
1.722871452420701142e-07
1.722871452420701142e-07
1.722871452420701142e-07
1.722871452420701142e-07
1.722871452420701142e-07
1.722871452420701142e-07
5.769616026711184852e-07
5.769616026711184852e-07
5.769616026711184852e-07
5.769616026711184852e-07
5.769616026711184852e-07
5.769616026711184852e-07
5.769616026711184852e-07
5.769616026711184852e-07
1.762938230383973237e-07
1.762938230383973237e-07
1.762938230383973237e-07
1.762938230383973237e-07
1.762938230383973237e-07
1.762938230383973237e-07
1.762938230383973237e-07
1.742904841402337322e-07
1.742904841402337322e-07
1.742904841402337322e-07
1.742904841402337322e-07
1.742904841402337322e-07
1.742904841402337322e-07
1.742904841402337322e-07
1.702838063439064963e-07
1.702838063439064963e-07
1.702838063439064963e-07
1.702838063439064963e-07
1.702838063439064963e-07
1.702838063439064963e-07
1.782971619365609417e-07
1.782971619365609417e-07
1.782971619365609417e-07
1.782971619365609417e-07
1.782971619365609417e-07
1.782971619365609417e-07
1.782971619365609417e-07
1.732888146911519100e-07
1.732888146911519100e-07
1.732888146911519100e-07
1.732888146911519100e-07
1.732888146911519100e-07
1.732888146911519100e-07
1.732888146911519100e-07
1.732888146911519100e-07
1.732888146911519100e-07
1.732888146911519100e-07
1.732888146911519100e-07
1.732888146911519100e-07
1.712854757929883185e-07
1.712854757929883185e-07
1.712854757929883185e-07
1.712854757929883185e-07
1.712854757929883185e-07
4.207011686143572354e-07
4.207011686143572354e-07
4.207011686143572354e-07
4.207011686143572354e-07
4.207011686143572354e-07
4.207011686143572354e-07
4.207011686143572354e-07
4.207011686143572354e-07
4.207011686143572354e-07
4.207011686143572354e-07
4.207011686143572354e-07
4.207011686143572354e-07
4.207011686143572354e-07
1.352253756260434065e-07
1.352253756260434065e-07
1.352253756260434065e-07
1.352253756260434065e-07
1.352253756260434065e-07
1.352253756260434065e-07
1.352253756260434065e-07
1.352253756260434065e-07
1.352253756260434065e-07
1.352253756260434065e-07
1.352253756260434065e-07
1.672787979966611090e-07
1.672787979966611090e-07
1.672787979966611090e-07
1.672787979966611090e-07
1.672787979966611090e-07
1.672787979966611090e-07
1.672787979966611090e-07
1.672787979966611090e-07
1.672787979966611090e-07
1.672787979966611090e-07
1.672787979966611090e-07
1.672787979966611090e-07
1.672787979966611090e-07
1.702838063439064963e-07
1.702838063439064963e-07
1.702838063439064963e-07
1.702838063439064963e-07
1.702838063439064963e-07
1.702838063439064963e-07
1.702838063439064963e-07
1.702838063439064963e-07
1.702838063439064963e-07
1.772954924874791195e-07
1.772954924874791195e-07
1.772954924874791195e-07
1.772954924874791195e-07
1.772954924874791195e-07
1.752921535893155280e-07
1.752921535893155280e-07
1.752921535893155280e-07
1.752921535893155280e-07
1.752921535893155280e-07
1.752921535893155280e-07
1.752921535893155280e-07
1.752921535893155280e-07
1.752921535893155280e-07
1.752921535893155280e-07
1.752921535893155280e-07
1.752921535893155280e-07
1.732888146911519100e-07
1.732888146911519100e-07
1.732888146911519100e-07
1.732888146911519100e-07
1.732888146911519100e-07
1.732888146911519100e-07
1.732888146911519100e-07
1.732888146911519100e-07
1.732888146911519100e-07
1.732888146911519100e-07
1.652754590984974910e-07
1.652754590984974910e-07
1.652754590984974910e-07
1.502504173622704488e-07
1.502504173622704488e-07
1.502504173622704488e-07
1.502504173622704488e-07
1.502504173622704488e-07
1.502504173622704488e-07
1.502504173622704488e-07
1.502504173622704488e-07
1.502504173622704488e-07
1.502504173622704488e-07
1.502504173622704488e-07
1.502504173622704488e-07
1.502504173622704488e-07
1.672787979966611090e-07
1.672787979966611090e-07
1.672787979966611090e-07
1.672787979966611090e-07
1.672787979966611090e-07
1.672787979966611090e-07
1.672787979966611090e-07
1.672787979966611090e-07
1.672787979966611090e-07
1.672787979966611090e-07
1.672787979966611090e-07
4.257095158597662936e-07
4.257095158597662936e-07
4.257095158597662936e-07
4.257095158597662936e-07
1.712854757929883185e-07
1.712854757929883185e-07
1.712854757929883185e-07
1.712854757929883185e-07
1.712854757929883185e-07
1.712854757929883185e-07
1.712854757929883185e-07
1.712854757929883185e-07
1.712854757929883185e-07
1.712854757929883185e-07
1.712854757929883185e-07
4.247078464106844713e-07
4.247078464106844713e-07
4.247078464106844713e-07
4.247078464106844713e-07
4.247078464106844713e-07
4.247078464106844713e-07
4.247078464106844713e-07
4.247078464106844713e-07
4.247078464106844713e-07
1.722871452420701142e-07
1.722871452420701142e-07
1.722871452420701142e-07
1.722871452420701142e-07
1.722871452420701142e-07
1.722871452420701142e-07
1.722871452420701142e-07
1.722871452420701142e-07
1.722871452420701142e-07
1.622704507512520773e-07
1.622704507512520773e-07
1.622704507512520773e-07
1.6227045075125207