1.973288814691151934e-07
1.973288814691151934e-07
1.973288814691151934e-07
1.973288814691151934e-07
1.973288814691151934e-07
1.973288814691151934e-07
1.973288814691151934e-07
1.973288814691151934e-07
1.973288814691151934e-07
1.973288814691151934e-07
1.973288814691151934e-07
1.001669449081803036e-08
1.001669449081803036e-08
1.001669449081803036e-08
1.001669449081803036e-08
1.001669449081803036e-08
1.001669449081803036e-08
1.001669449081803036e-08
1.001669449081803036e-08
1.001669449081803036e-08
1.001669449081803036e-08
5.008347245409014782e-07
5.008347245409014782e-07
5.008347245409014782e-07
5.008347245409014782e-07
5.008347245409014782e-07
5.188647746243739607e-07
5.188647746243739607e-07
5.188647746243739607e-07
5.188647746243739607e-07
5.188647746243739607e-07
5.188647746243739607e-07
5.188647746243739607e-07
5.188647746243739607e-07
5.188647746243739607e-07
5.188647746243739607e-07
5.188647746243739607e-07
5.188647746243739607e-07
5.188647746243739607e-07
1.472454090150250350e-07
1.472454090150250350e-07
1.472454090150250350e-07
1.472454090150250350e-07
1.472454090150250350e-07
1.472454090150250350e-07
1.472454090150250350e-07
1.472454090150250350e-07
1.472454090150250350e-07
1.472454090150250350e-07
1.472454090150250350e-07
3.896494156928213816e-07
3.896494156928213816e-07
3.896494156928213816e-07
3.896494156928213816e-07
3.896494156928213816e-07
3.896494156928213816e-07
5.709515859766276841e-08
5.709515859766276841e-08
5.709515859766276841e-08
5.709515859766276841e-08
5.709515859766276841e-08
3.585976627712854749e-07
3.585976627712854749e-07
3.585976627712854749e-07
3.585976627712854749e-07
3.585976627712854749e-07
3.585976627712854749e-07
3.585976627712854749e-07
3.585976627712854749e-07
3.585976627712854749e-07
3.585976627712854749e-07
3.585976627712854749e-07
3.585976627712854749e-07
3.585976627712854749e-07
7.913188647746243388e-08
7.913188647746243388e-08
7.913188647746243388e-08
7.913188647746243388e-08
7.913188647746243388e-08
7.913188647746243388e-08
7.913188647746243388e-08
7.913188647746243388e-08
7.913188647746243388e-08
7.913188647746243388e-08
4.707846410684473938e-07
4.707846410684473938e-07
4.707846410684473938e-07
4.707846410684473938e-07
4.707846410684473938e-07
4.707846410684473938e-07
5.328881469115191542e-07
5.328881469115191542e-07
5.328881469115191542e-07
4.848080133555926403e-07
4.848080133555926403e-07
4.848080133555926403e-07
4.848080133555926403e-07
4.848080133555926403e-07
4.257095158597662936e-07
4.257095158597662936e-07
4.257095158597662936e-07
4.257095158597662936e-07
4.257095158597662936e-07
4.257095158597662936e-07
4.257095158597662936e-07
4.257095158597662936e-07
4.006677796327212144e-08
4.006677796327212144e-08
4.006677796327212144e-08
4.006677796327212144e-08
4.006677796327212144e-08
4.567612687813021473e-07
4.567612687813021473e-07
4.567612687813021473e-07
4.567612687813021473e-07
4.567612687813021473e-07
4.567612687813021473e-07
4.567612687813021473e-07
4.567612687813021473e-07
4.567612687813021473e-07
4.567612687813021473e-07
4.567612687813021473e-07
4.567612687813021473e-07
1.121869782971619321e-07
1.121869782971619321e-07
1.121869782971619321e-07
1.121869782971619321e-07
1.252086811352253696e-07
1.252086811352253696e-07
1.252086811352253696e-07
1.171953255425709506e-07
1.171953255425709506e-07
1.171953255425709506e-07
1.171953255425709506e-07
1.171953255425709506e-07
1.171953255425709506e-07
1.171953255425709506e-07
1.171953255425709506e-07
1.171953255425709506e-07
1.171953255425709506e-07
2.764607679465776406e-07
2.764607679465776406e-07
2.764607679465776406e-07
2.764607679465776406e-07
2.764607679465776406e-07
2.764607679465776406e-07
5.749582637729549466e-07
5.749582637729549466e-07
5.749582637729549466e-07
5.749582637729549466e-07
5.749582637729549466e-07
5.749582637729549466e-07
5.749582637729549466e-07
2.814691151919866458e-07
2.814691151919866458e-07
2.814691151919866458e-07
2.814691151919866458e-07
2.814691151919866458e-07
2.814691151919866458e-07
2.814691151919866458e-07
2.814691151919866458e-07
2.814691151919866458e-07
2.814691151919866458e-07
2.814691151919866458e-07
5.519198664440734589e-07
5.519198664440734589e-07
5.519198664440734589e-07
2.934891485809683008e-07
2.934891485809683008e-07
2.934891485809683008e-07
2.934891485809683008e-07
2.934891485809683008e-07
2.934891485809683008e-07
