4.327212020033388903e-07
4.327212020033388903e-07
4.327212020033388903e-07
4.327212020033388903e-07
4.327212020033388903e-07
4.327212020033388903e-07
4.327212020033388903e-07
4.327212020033388903e-07
4.327212020033388903e-07
4.327212020033388903e-07
4.327212020033388903e-07
4.327212020033388903e-07
4.327212020033388903e-07
1.522537562604340668e-07
1.522537562604340668e-07
1.522537562604340668e-07
1.522537562604340668e-07
1.522537562604340668e-07
1.522537562604340668e-07
1.522537562604340668e-07
1.522537562604340668e-07
1.522537562604340668e-07
1.522537562604340668e-07
1.522537562604340668e-07
1.522537562604340668e-07
4.777963272120199906e-07
4.777963272120199906e-07
4.777963272120199906e-07
4.777963272120199906e-07
4.777963272120199906e-07
4.777963272120199906e-07
4.777963272120199906e-07
4.777963272120199906e-07
4.777963272120199906e-07
4.777963272120199906e-07
4.777963272120199906e-07
4.777963272120199906e-07
4.808013355592654572e-07
4.808013355592654572e-07
4.808013355592654572e-07
4.808013355592654572e-07
4.808013355592654572e-07
4.808013355592654572e-07
4.808013355592654572e-07
5.469115191986644536e-07
5.469115191986644536e-07
5.469115191986644536e-07
2.103505843071786177e-07
2.103505843071786177e-07
2.103505843071786177e-07
4.427378964941569008e-07
4.427378964941569008e-07
4.427378964941569008e-07
4.427378964941569008e-07
4.427378964941569008e-07
4.427378964941569008e-07
4.427378964941569008e-07
5.108514190317195417e-08
5.108514190317195417e-08
5.108514190317195417e-08
5.108514190317195417e-08
5.108514190317195417e-08
3.355592654424039873e-07
3.355592654424039873e-07
3.355592654424039873e-07
3.355592654424039873e-07
3.355592654424039873e-07
3.355592654424039873e-07
3.355592654424039873e-07
3.355592654424039873e-07
3.355592654424039873e-07
6.310517529215358266e-08
6.310517529215358266e-08
6.310517529215358266e-08
6.310517529215358266e-08
6.310517529215358266e-08
6.310517529215358266e-08
6.310517529215358266e-08
6.310517529215358266e-08
4.858096828046744625e-07
4.858096828046744625e-07
4.858096828046744625e-07
4.858096828046744625e-07
4.858096828046744625e-07
4.858096828046744625e-07
2.143572621035058537e-07
2.143572621035058537e-07
2.143572621035058537e-07
2.143572621035058537e-07
2.143572621035058537e-07
2.143572621035058537e-07
2.143572621035058537e-07
2.143572621035058537e-07
2.143572621035058537e-07
2.143572621035058537e-07
3.616026711185308887e-07
3.616026711185308887e-07
3.616026711185308887e-07
3.616026711185308887e-07
3.616026711185308887e-07
3.616026711185308887e-07
3.616026711185308887e-07
1.903171953255425834e-08
1.903171953255425834e-08
1.903171953255425834e-08
1.903171953255425834e-08
1.903171953255425834e-08
1.903171953255425834e-08
1.903171953255425834e-08
4.908180300500834942e-08
4.908180300500834942e-08
4.908180300500834942e-08
4.908180300500834942e-08
4.908180300500834942e-08
5.739565943238731244e-07
5.739565943238731244e-07
5.739565943238731244e-07
5.739565943238731244e-07
5.739565943238731244e-07
5.739565943238731244e-07
5.739565943238731244e-07
5.739565943238731244e-07
2.103505843071786177e-07
2.103505843071786177e-07
2.103505843071786177e-07
2.103505843071786177e-07
2.103505843071786177e-07
2.103505843071786177e-07
2.103505843071786177e-07
2.103505843071786177e-07
2.103505843071786177e-07
2.103505843071786177e-07
2.103505843071786177e-07
2.103505843071786177e-07
0.000000000000000000e+00
0.000000000000000000e+00
0.000000000000000000e+00
0.000000000000000000e+00
0.000000000000000000e+00
0.000000000000000000e+00
0.000000000000000000e+00
0.000000000000000000e+00
0.000000000000000000e+00
0.000000000000000000e+00
0.000000000000000000e+00
