4.257095158597662936e-07
4.257095158597662936e-07
4.257095158597662936e-07
4.257095158597662936e-07
4.257095158597662936e-07
4.257095158597662936e-07
4.257095158597662936e-07
4.257095158597662936e-07
2.243739565943238642e-07
2.784641068447412321e-07
2.243739565943238642e-07
2.784641068447412321e-07
2.243739565943238642e-07
2.784641068447412321e-07
2.243739565943238642e-07
2.784641068447412321e-07
2.243739565943238642e-07
2.784641068447412321e-07
2.243739565943238642e-07
2.784641068447412321e-07
2.243739565943238642e-07
2.784641068447412321e-07
2.243739565943238642e-07
2.784641068447412321e-07
2.243739565943238642e-07
2.784641068447412321e-07
2.243739565943238642e-07
2.784641068447412321e-07
2.243739565943238642e-07
2.784641068447412321e-07
2.243739565943238642e-07
2.784641068447412321e-07
2.243739565943238642e-07
2.784641068447412321e-07
2.243739565943238642e-07
2.784641068447412321e-07
1.662771285475792868e-07
1.662771285475792868e-07
1.662771285475792868e-07
1.662771285475792868e-07
1.662771285475792868e-07
1.662771285475792868e-07
1.662771285475792868e-07
4.257095158597662936e-07
4.257095158597662936e-07
4.257095158597662936e-07
4.257095158597662936e-07
4.257095158597662936e-07
4.257095158597662936e-07
4.257095158597662936e-07
4.257095158597662936e-07
4.257095158597662936e-07
4.257095158597662936e-07
4.257095158597662936e-07
1.722871452420701142e-07
1.722871452420701142e-07
1.722871452420701142e-07
1.722871452420701142e-07
1.722871452420701142e-07
1.722871452420701142e-07
1.722871452420701142e-07
1.722871452420701142e-07
1.722871452420701142e-07
1.722871452420701142e-07
1.722871452420701142e-07
1.722871452420701142e-07
1.632721202003338995e-07
1.632721202003338995e-07
1.632721202003338995e-07
1.632721202003338995e-07
1.632721202003338995e-07
1.632721202003338995e-07
1.632721202003338995e-07
1.632721202003338995e-07
1.632721202003338995e-07
1.632721202003338995e-07
1.632721202003338995e-07
1.742904841402337322e-07
1.742904841402337322e-07
1.742904841402337322e-07
1.742904841402337322e-07
1.742904841402337322e-07
1.742904841402337322e-07
1.742904841402337322e-07
1.742904841402337322e-07
1.742904841402337322e-07
1.682804674457429047e-07
1.682804674457429047e-07
1.682804674457429047e-07
1.682804674457429047e-07
1.682804674457429047e-07
1.682804674457429047e-07
1.682804674457429047e-07
1.682804674457429047e-07
1.682804674457429047e-07
1.682804674457429047e-07
1.682804674457429047e-07
1.682804674457429047e-07
1.682804674457429047e-07
1.752921535893155280e-07
1.752921535893155280e-07
1.752921535893155280e-07
1.752921535893155280e-07
1.752921535893155280e-07
1.752921535893155280e-07
1.752921535893155280e-07
1.752921535893155280e-07
1.752921535893155280e-07
3.806343906510851404e-07
3.806343906510851404e-07
3.806343906510851404e-07
3.806343906510851404e-07
3.806343906510851404e-07
3.806343906510851404e-07
1.672787979966611090e-07
1.672787979966611090e-07
1.672787979966611090e-07
1.672787979966611090e-07
1.732888146911519100e-07
1.732888146911519100e-07
1.732888146911519100e-07
1.732888146911519100e-07
1.732888146911519100e-07
1.732888146911519100e-07
1.632721202003338995e-07
1.632721202003338995e-07
1.632721202003338995e-07
1.632721202003338995e-07
1.632721202003338995e-07
1.632721202003338995e-07
1.632721202003338995e-07
1.632721202003338995e-07
1.632721202003338995e-07
1.632721202003338995e-07
1.632721202003338995e-07
1.722871452420701142e-07
2.263772954924874821e-07
1.722871452420701142e-07
2.263772954924874821e-07
1.722871452420701142e-07
2.263772954924874821e-07
1.722871452420701142e-07
2.263772954924874821e-07
1.722871452420701142e-07
2.263772954924874821e-07
1.722871452420701142e-07
2.263772954924874821e-07
1.722871452420701142e-07
2.263772954924874821e-07
1.722871452420701142e-07
2.263772954924874821e-07
1.722871452420701142e-07
2.263772954924874821e-07
1.722871452420701142e-07
2.263772954924874821e-07
1.722871452420701142e-07
2.263772954924874821e-07
4.217028380634390576e-07
4.217028380634390576e-07
4.217028380634390576e-07
4.217028380634390576e-07
4.217028380634390576e-07
4.217028380634390576e-07
4.217028380634390576e-07
4.217028380634390576e-07
4.217028380634390576e-07
1.702838063439064963e-07
1.702838063439064963e-07
1.702838063439064963e-07
1.702838063439064963e-07
1.702838063439064963e-07
1.702838063439064963e-07
1.702838063439064963e-07
1.702838063439064963e-07
4.327212020033388903e-07
4.327212020033388903e-07
4.327212020033388903e-07
5.388981636060099817e-07
5.388981636060099817e-07
5.388981636060099817e-07
5.388981636060099817e-07
5.388981636060099817e-07
5.388981636060099817e-07
5.388981636060099817e-07
5.388981636060099817e-07
5.388981636060099817e-07
5.388981636060099817e-07
5.388981636060099817e-07
4.116861435726210471e-07
4.116861435726210471e-07
4.116861435726210471e-07
4.116861435726210471e-07
4.116861435726210471e-07
4.116861435726210471e-07
4.116861435726210471e-07
4.116861435726210471e-07
4.116861435726210471e-07
4.116861435726210471e-07
4.196994991652754661e-07
4.196994991652754661e-07
4.196994991652754661e-07
4.196994991652754661e-07
4.196994991652754661e-07
4.196994991652754661e-07
4.196994991652754661e-07
4.196994991652754661e-07
4.196994991652754661e-07
4.196994991652754661e-07
1.662771285475792868e-07
1.662771285475792868e-07
1.662771285475792868e-07
1.662771285475792868e-07
1.662771285475792868e-07
1.662771285475792868e-07
1.702838063439064963e-07
1.702838063439064963e-07
1.702838063439064963e-07
1.702838063439064963e-07
1.702838063439064963e-07
1.702838063439064963e-07
1.702838063439064963e-07
1.702838063439064963e-07
1.702838063439064963e-07
1.702838063439064963e-07
1.702838063439064963e-07
1.702838063439064963e-07
1.702838063439064963e-07
1.702838063439064963e-07
1.702838063439064963e-07
1.702838063439064963e-07
1.702838063439064963e-07
1.682804674457429047e-07
1.682804674457429047e-07
1.682804674457429047e-07
1.682804674457429047e-07
1.682804674457429047e-07
4.287145242070117073e-07
4.287145242070117073e-07
4.287145242070117073e-07
4.287145242070117073e-07
4.287145242070117073e-07
4.287145242070117073e-07
4.287145242070117073e-07
4.287145242070117073e-07
4.287145242070117073e-07
4.287145242070117073e-07
4.287145242070117073e-07
1.712854757929883185e-07
1.712854757929883185e-07
1.712854757929883185e-07
1.712854757929883185e-07
1.712854757929883185e-07
1.712854757929883185e-07
1.712854757929883185e-07
1.712854757929883185e-07
1.712854757929883185e-07
1.712854757929883185e-07
3.455759599332220507e-07
3.455759599332220507e-07
3.455759599332220507e-07
1.692821368948247005e-07
1.692821368948247005e-07
1.692821368948247005e-07
1.692821368948247005e-07
1.692821368948247005e-07
1.692821368948247005e-07
1.692821368948247005e-07
1.692821368948247005e-07
1.692821368948247005e-07
1.692821368948247005e-07
1.692821368948247005e-07
1.692821368948247005e-07
7.712854757929882913e-08
7.712854757929882913e-08
7.712854757929882913e-08
7.712854757929882913e-08
7.712854757929882913e-08
7.712854757929882913e-08
7.712854757929882913e-08
7.712854757929882913e-08
1.732888146911519100e-07
1.732888146911519100e-07
1.732888146911519100e-07
1.732888146911519100e-07
1.732888146911519100e-07
1.732888146911519100e-07
1.732888146911519100e-07
1.732888146911519100e-07
1.732888146911519100e-07
1.732888146911519100e-07
1.732888146911519100e-07
1.742904841402337322e-07
1.742904841402337322e-07
1.742904841402337322e-07
1.742904841402337322e-07
1.742904841402337322e-07
1.742904841402337322e-07
1.742904841402337322e-07
1.742904841402337322e-07
1.742904841402337322e-07
1.682804674457429047e-07
1.682804674457429047e-07
1.682804674457429047e-07
1.682804674457429047e-07
1.652754590984974910e-07
4.196994991652754661e-07
1.652754590984974910e-07
4.196994991652754661e-07
1.652754590984974910e-07
4.196994991652754661e-07
1.652754590984974910e-07
4.196994991652754661e-07
1.652754590984974910e-07
4.196994991652754661e-07
1.652754590984974910e-07
4.196994991652754661e-07
1.652754590984974910e-07
4.196994991652754661e-07
1.652754590984974910e-07
4.196994991652754661e-07
1.652754590984974910e-07
4.196994991652754661e-07
1.652754590984974910e-07
4.196994991652754661e-07
1.652754590984974910e-07
4.196994991652754661e-07
1.672787979966611090e-07
1.672787979966611090e-07
1.672787979966611090e-07
1.672787979966611090e-07
1.672787979966611090e-07
1.672787979966611090e-07
1.772954924874791195e-07
1.772954924874791195e-07
1.772954924874791195e-07
1.772954924874791195e-07
1.772954924874791195e-07
5.909849749582637846e-07
5.909849749582637846e-07
5.909849749582637846e-07
5.909849749582637846e-07
5.909849749582637846e-07
5.909849749582637846e-07
1.692821368948247005e-07
1.692821368948247005e-07
1.692821368948247005e-07
1.692821368948247005e-07
1.692821368948247005e-07
1.692821368948247005e-07
1.692821368948247005e-07
1.692821368948247005e-07
1.692821368948247005e-07
1.692821368948247005e-07
1.632721202003338995e-07
1.632721202003338995e-07
1.632721202003338995e-07
1.632721202003338995e-07
1.632721202003338995e-07
1.632721202003338995e-07
1.632721202003338995e-07
1.632721202003338995e-07
1.632721202003338995e-07
1.632721202003338995e-07
1.632721202003338995e-07
1.632721202003338995e-07
1.632721202003338995e-07
1.762938230383973237e-07
1.762938230383973237e-07
1.762938230383973237e-07
1.762938230383973237e-07
1.762938230383973237e-07
1.762938230383973237e-07
1.762938230383973237e-07
1.762938230383973237e-07
3.105175292153589345e-08
3.105175292153589345e-08
3.105175292153589345e-08
3.105175292153589345e-08
3.105175292153589345e-08
3.105175292153589345e-08
3.105175292153589345e-08
3.105175292153589345e-08
3.105175292153589345e-08
3.105175292153589345e-08
3.105175292153589345e-08
1.742904841402337322e-07
1.742904841402337322e-07
1.742904841402337322e-07
1.742904841402337322e-07
1.742904841402337322e-07
1.742904841402337322e-07
1.742904841402337322e-07
1.742904841402337322e-07
1.742904841402337322e-07
1.742904841402337322e-07
1.692821368948247005e-07
1.692821368948247005e-07
1.692821368948247005e-07
1.692821368948247005e-07
1.692821368948247005e-07
1.692821368948247005e-07
1.782971619365609417e-07
1.782971619365609417e-07
1.782971619365609417e-07
1.782971619365609417e-07
1.342237061769616108e-07
1.342237061769616108e-07
1.342237061769616108e-07
1.342237061769616108e-07
1.342237061769616108e-07
1.342237061769616108e-07
1.342237061769616108e-07
1.342237061769616108e-07
1.342237061769616108e-07
1.342237061769616108e-07
1.342237061769616108e-07
4.297161936560934766e-07
4.297161936560934766e-07
4.297161936560934766e-07
4.297161936560934766e-07
4.297161936560934766e-07
1.692821368948247005e-07
1.692821368948247005e-07
1.692821368948247005e-07
1.692821368948247005e-07
1.692821368948247005e-07
1.692821368948247005e-07
1.692821368948247005e-07
1.692821368948247005e-07
1.692821368948247005e-07
1.692821368948247005e-07
1.692821368948247005e-07
1.782971619365609417e-07
1.782971619365609417e-07
1.782971619365609417e-07
1.782971619365609417e-07
1.782971619365609417e-07
1.782971619365609417e-07
1.782971619365609417e-07
1.782971619365609417e-07
1.782971619365609417e-07
1.782971619365609417e-07
1.782971619365609417e-07
1.782971619365609417e-07
1.722871452420701142e-07
1.722871452420701142e-07
1.722871452420701142e-07
1.722871452420701142e-07
1.722871452420701142e-07
1.722871452420701142e-07
1.722871452420701142e-07
1.722871452420701142e-07
1.722871452420701142e-07
1.722871452420701142e-07
1.722871452420701142e-07
1.722871452420701142e-07
1.722871452420701142e-07
1.722871452420701142e-07
1.722871452420701142e-07
1.722871452420701142e-07
1.722871452420701142e-07
1.712854757929883185e-07
1.712854757929883185e-07
1.712854757929883185e-07
1.712854757929883185e-07
1.712854757929883185e-07
1.712854757929883185e-07
1.712854757929883185e-07
1.712854757929883185e-07
1.712854757929883185e-07
1.742904841402337322e-07
4.387312186978297178e-07
1.742904841402337322e-07
4.387312186978297178e-07
1.742904841402337322e-07
4.387312186978297178e-07
1.742904841402337322e-07
4.387312186978297178e-07
1.742904841402337322e-07
4.387312186978297178e-07
1.742904841402337322e-07
4.387312186978297178e-07
1.742904841402337322e-07
4.387312186978297178e-07
1.742904841402337322e-07
4.387312186978297178e-07
1.742904841402337322e-07
4.387312186978297178e-07
1.742904841402337322e-07
4.387312186978297178e-07
1.742904841402337322e-07
4.387312186978297178e-07
1.702838063439064963e-07
1.702838063439064963e-07
1.702838063439064963e-07
1.702838063439064963e-07
1.702838063439064963e-07
1.702838063439064963e-07
1.702838063439064963e-07
1.702838063439064963e-07
1.702838063439064963e-07
1.702838063439064963e-07
1.702838063439064963e-07
1.702838063439064963e-07
1.702838063439064963e-07
1.702838063439064963e-07
3.335559265442403957e-07
3.335559265442403957e-07
3.335559265442403957e-07
3.335559265442403957e-07
3.335559265442403957e-07
3.335559265442403957e-07
3.335559265442403957e-07
3.335559265442403957e-07
3.335559265442403957e-07
3.335559265442403957e-07
3.335559265442403957e-07
3.335559265442403957e-07
1.662771285475792868e-07
1.662771285475792868e-07
1.662771285475792868e-07
1.662771285475792868e-07
1.662771285475792868e-07
1.662771285475792868e-07
1.732888146911519100e-07
1.732888146911519100e-07
1.732888146911519100e-07
1.732888146911519100e-07
1.732888146911519100e-07
1.732888146911519100e-07
1.732888146911519100e-07
1.732888146911519100e-07
1.722871452420701142e-07
1.722871452420701142e-07
1.722871452420701142e-07
1.722871452420701142e-07
1.722871452420701142e-07
1.722871452420701142e-07
1.722871452420701142e-07
1.722871452420701142e-07
1.722871452420701142e-07
1.722871452420701142e-07
4.277128547579298851e-07
4.277128547579298851e-07
4.277128547579298851e-07
4.277128547579298851e-07
4.277128547579298851e-07
1.742904841402337322e-07
1.742904841402337322e-07
1.742904841402337322e-07
1.742904841402337322e-07
1.742904841402337322e-07
1.742904841402337322e-07
1.742904841402337322e-07
1.742904841402337322e-07
1.742904841402337322e-07
1.702838063439064963e-07
1.702838063439064963e-07
1.702838063439064963e-07
1.702838063439064963e-07
1.702838063439064963e-07
1.702838063439064963e-07
1.702838063439064963e-07
1.702838063439064963e-07
1.702838063439064963e-07
1.702838063439064963e-07
1.702838063439064963e-07
1.722871452420701142e-07
1.722871452420701142e-07
1.722871452420701142e-07
1.722871452420701142e-07
1.722871452420701142e-07
1.722871452420701142e-07
1.722871452420701142e-07
1.722871452420701142e-07
1.722871452420701142e-07
1.722871452420701142e-07
1.722871452420701142e-07
1.692821368948247005e-07
1.692821368948247005e-07
1.692821368948247005e-07
1.692821368948247005e-07
1.692821368948247005e-07
1.692821368948247005e-07
1.692821368948247005e-07
1.692821368948247005e-07
1.692821368948247005e-07
1.692821368948247005e-07
1.692821368948247005e-07
1.742904841402337322e-07
1.742904841402337322e-07
1.742904841402337322e-07
1.742904841402337322e-07
1.742904841402337322e-07
1.742904841402337322e-07
1.742904841402337322e-07
1.742904841402337322e-07
1.742904841402337322e-07
1.742904841402337322e-07
1.732888146911519100e-07
1.732888146911519100e-07
1.732888146911519100e-07
1.732888146911519100e-07
1.732888146911519100e-07
1.732888146911519100e-07
1.732888146911519100e-07
1.722871452420701142e-07
1.722871452420701142e-07
1.722871452420701142e-07
1.722871452420701142e-07
1.722871452420701142e-07
1.722871452420701142e-07
4.227045075125208798e-07
4.227045075125208798e-07
4.227045075125208798e-07
4.227045075125208798e-07
4.227045075125208798e-07
4.227045075125208798e-07
4.227045075125208798e-07
1.772954924874791195e-07
1.772954924874791195e-07
1.772954924874791195e-07
1.772954924874791195e-07
1.772954924874791195e-07
1.772954924874791195e-07
1.772954924874791195e-07
1.772954924874791195e-07
1.772954924874791195e-07
1.772954924874791195e-07
1.772954924874791195e-07
1.772954924874791195e-07
1.772954924874791195e-07
1.772954924874791195e-07
1.772954924874791195e-07
1.772954924874791195e-07
1.772954924874791195e-07
1.772954924874791195e-07
1.772954924874791195e-07
1.772954924874791195e-07
1.772954924874791195e-07
1.742904841402337322e-07
1.742904841402337322e-07
1.742904841402337322e-07
1.692821368948247005e-07
1.692821368948247005e-07
1.692821368948247005e-07
1.692821368948247005e-07
1.692821368948247005e-07
1.692821368948247005e-07
1.772954924874791195e-07
1.772954924874791195e-07
1.772954924874791195e-07
1.772954924874791195e-07
1.772954924874791195e-07
1.772954924874791195e-07
1.772954924874791195e-07
1.702838063439064963e-07
1.702838063439064963e-07
1.702838063439064963e-07
1.702838063439064963e-07
1.702838063439064963e-07
1.702838063439064963e-07
1.702838063439064963e-07
1.702838063439064963e-07
1.702838063439064963e-07
1.702838063439064963e-07
1.772954924874791195e-07
1.772954924874791195e-07
1.772954924874791195e-07
1.772954924874791195e-07
1.772954924874791195e-07
1.772954924874791195e-07
1.772954924874791195e-07
1.772954924874791195e-07
1.772954924874791195e-07
1.772954924874791195e-07
1.772954924874791195e-07
1.722871452420701142e-07
1.722871452420701142e-07
1.722871452420701142e-07
1.722871452420701142e-07
1.722871452420701142e-07
1.722871452420701142e-07
1.722871452420701142e-07
1.722871452420701142e-07
1.722871452420701142e-07
1.722871452420701142e-07
1.722871452420701142e-07
1.722871452420701142e-07
1.722871452420701142e-07
1.692821368948247005e-07
1.692821368948247005e-07
1.692821368948247005e-07
1.752921535893155280e-07
4.307178631051752988e-07
1.752921535893155280e-07
4.307178631051752988e-07
1.752921535893155280e-07
4.307178631051752988e-07
1.752921535893155280e-07
4.307178631051752988e-07
1.752921535893155280e-07
4.307178631051752988e-07
1.752921535893155280e-07
4.307178631051752988e-07
1.752921535893155280e-07
4.307178631051752988e-07
1.752921535893155280e-07
4.307178631051752988e-07
1.752921535893155280e-07
4.307178631051752988e-07
1.752921535893155280e-07
4.307178631051752988e-07
4.297161936560934766e-07
4.297161936560934766e-07
4.297161936560934766e-07
4.297161936560934766e-07
4.297161936560934766e-07
1.622704507512520773e-07
1.622704507512520773e-07
1.622704507512520773e-07
1.622704507512520773e-07
1.622704507512520773e-07
1.682804674457429047e-07
1.682804674457429047e-07
1.682804674457429047e-07
1.682804674457429047e-07
1.682804674457429047e-07
1.682804674457429047e-07
1.682804674457429047e-07
1.682804674457429047e-07
1.682804674457429047e-07
1.682804674457429047e-07
1.682804674457429047e-07
1.732888146911519100e-07
1.732888146911519100e-07
1.732888146911519100e-07
1.732888146911519100e-07
1.732888146911519100e-07
1.742904841402337322e-07
1.742904841402337322e-07
1.742904841402337322e-07
1.742904841402337322e-07
1.742904841402337322e-07
1.742904841402337322e-07
1.742904841402337322e-07
1.742904841402337322e-07
1.742904841402337322e-07
1.742904841402337322e-07
1.742904841402337322e-07
1.752921535893155280e-07
1.752921535893155280e-07
1.752921535893155280e-07
1.752921535893155280e-07
1.752921535893155280e-07
1.752921535893155280e-07
1.752921535893155280e-07
1.752921535893155280e-07
1.782971619365609417e-07
1.782971619365609417e-07
1.782971619365609417e-07
1.782971619365609417e-07
1.782971619365609417e-07
1.782971619365609417e-07
1.752921535893155280e-07
1.752921535893155280e-07
1.752921535893155280e-07
1.752921535893155280e-07
1.752921535893155280e-07
1.752921535893155280e-07
4.257095158597662936e-07
4.257095158597662936e-07
4.257095158597662936e-07
4.257095158597662936e-07
4.257095158597662936e-07
4.257095158597662936e-07
4.257095158597662936e-07
1.742904841402337322e-07
1.742904841402337322e-07
1.742904841402337322e-07
1.742904841402337322e-07
1.742904841402337322e-07
1.742904841402337322e-07
1.742904841402337322e-07
1.742904841402337322e-07
1.742904841402337322e-07
1.742904841402337322e-07
1.742904841402337322e-07
1.692821368948247005e-07
1.692821368948247005e-07
1.692821368948247005e-07
1.692821368948247005e-07
1.692821368948247005e-07
1.692821368948247005e-07
1.692821368948247005e-07
1.692821368948247005e-07
1.692821368948247005e-07
1.692821368948247005e-07
1.692821368948247005e-07
1.692821368948247005e-07
1.692821368948247005e-07
1.762938230383973237e-07
1.762938230383973237e-07
1.762938230383973237e-07
1.762938230383973237e-07
1.762938230383973237e-07
1.762938230383973237e-07
1.732888146911519100e-07
1.732888146911519100e-07
1.732888146911519100e-07
1.302170283806344013e-07
1.722871452420701142e-07
1.302170283806344013e-07
1.722871452420701142e-07
1.302170283806344013e-07
1.722871452420701142e-07
1.302170283806344013e-07
1.722871452420701142e-07
1.302170283806344013e-07
1.722871452420701142e-07
1.302170283806344013e-07
1.722871452420701142e-07
1.302170283806344013e-07
1.722871452420701142e-07
3.245409015025041545e-07
3.245409015025041545e-07
3.245409015025041545e-07
3.245409015025041545e-07
3.245409015025041545e-07
3.245409015025041545e-07
3.245409015025041545e-07
4.277128547579298851e-07
4.277128547579298851e-07
4.277128547579298851e-07
4.277128547579298851e-07
4.277128547579298851e-07
4.277128547579298851e-07
1.702838063439064963e-07
1.702838063439064963e-07
1.752921535893155280e-07
1.752921535893155280e-07
1.752921535893155280e-07
4.377295492487478956e-07
4.377295492487478956e-07
4.377295492487478956e-07
4.377295492487478956e-07
4.377295492487478956e-07
4.377295492487478956e-07
4.377295492487478956e-07
4.377295492487478956e-07
4.377295492487478956e-07
4.377295492487478956e-07
1.752921535893155280e-07
1.752921535893155280e-07
1.752921535893155280e-07
1.752921535893155280e-07
1.752921535893155280e-07
4.267111853088480629e-07
4.267111853088480629e-07
4.267111853088480629e-07
4.267111853088480629e-07
4.267111853088480629e-07
4.267111853088480629e-07
4.267111853088480629e-07
4.267111853088480629e-07
4.267111853088480629e-07
4.267111853088480629e-07
6.110183639398997791e-08
6.110183639398997791e-08
6.110183639398997791e-08
6.110183639398997791e-08
6.110183639398997791e-08
6.110183639398997791e-08
6.110183639398997791e-08
6.110183639398997791e-08
4.196994991652754661e-07
4.196994991652754661e-07
4.196994991652754661e-07
4.196994991652754661e-07
4.196994991652754661e-07
1.482470784641068308e-07
1.692821368948247005e-07
1.482470784641068308e-07
1.692821368948247005e-07
1.482470784641068308e-07
1.692821368948247005e-07
1.482470784641068308e-07
1.692821368948247005e-07
1.482470784641068308e-07
1.692821368948247005e-07
1.482470784641068308e-07
1.692821368948247005e-07
1.482470784641068308e-07
1.692821368948247005e-07
1.482470784641068308e-07
1.692821368948247005e-07
1.482470784641068308e-07
1.692821368948247005e-07
1.482470784641068308e-07
1.692821368948247005e-07
1.482470784641068308e-07
1.692821368948247005e-07
3.215358931552587408e-07
3.215358931552587408e-07
3.215358931552587408e-07
3.215358931552587408e-07
3.215358931552587408e-07
3.215358931552587408e-07
3.215358931552587408e-07
3.215358931552587408e-07
3.215358931552587408e-07
3.215358931552587408e-07
3.215358931552587408e-07
1.712854757929883185e-07
1.712854757929883185e-07
1.712854757929883185e-07
1.712854757929883185e-07
1.712854757929883185e-07
1.712854757929883185e-07
1.712854757929883185e-07
1.702838063439064963e-07
2.203672787979966547e-07
1.702838063439064963e-07
2.203672787979966547e-07
1.702838063439064963e-07
2.203672787979966547e-07
1.702838063439064963e-07
2.203672787979966547e-07
1.702838063439064963e-07
2.203672787979966547e-07
1.702838063439064963e-07
2.203672787979966547e-07
1.702838063439064963e-07
2.203672787979966547e-07
1.702838063439064963e-07
2.203672787979966547e-07
1.702838063439064963e-07
2.203672787979966547e-07
1.702838063439064963e-07
2.203672787979966547e-07
1.752921535893155280e-07
1.752921535893155280e-07
1.752921535893155280e-07
1.752921535893155280e-07
1.752921535893155280e-07
1.752921535893155280e-07
1.752921535893155280e-07
1.752921535893155280e-07
1.752921535893155280e-07
1.682804674457429047e-07
1.682804674457429047e-07
1.682804674457429047e-07
1.682804674457429047e-07
1.682804674457429047e-07
1.682804674457429047e-07
1.682804674457429047e-07
1.682804674457429047e-07
1.682804674457429047e-07
1.682804674457429047e-07
1.682804674457429047e-07
1.682804674457429047e-07
1.752921535893155280e-07
1.752921535893155280e-07
1.752921535893155280e-07
1.752921535893155280e-07
1.752921535893155280e-07
1.752921535893155280e-07
1.752921535893155280e-07
1.752921535893155280e-07
1.752921535893155280e-07
1.752921535893155280e-07
1.752921535893155280e-07
1.752921535893155280e-07
1.672787979966611090e-07
1.672787979966611090e-07
1.672787979966611090e-07
1.672787979966611090e-07
1.672787979966611090e-07
1.672787979966611090e-07
1.672787979966611090e-07
1.672787979966611090e-07
1.672787979966611090e-07
1.672787979966611090e-07
1.672787979966611090e-07
1.662771285475792868e-07
1.662771285475792868e-07
1.662771285475792868e-07
1.662771285475792868e-07
1.662771285475792868e-07
1.662771285475792868e-07
1.662771285475792868e-07
1.662771285475792868e-07
1.662771285475792868e-07
1.662771285475792868e-07
1.662771285475792868e-07
4.287145242070117073e-07
4.287145242070117073e-07
4.287145242070117073e-07
4.287145242070117073e-07
1.692821368948247005e-07
1.692821368948247005e-07
1.692821368948247005e-07
1.692821368948247005e-07
1.692821368948247005e-07
1.692821368948247005e-07
1.692821368948247005e-07
1.692821368948247005e-07
1.692821368948247005e-07
1.692821368948247005e-07
1.692821368948247005e-07
1.692821368948247005e-07
1.692821368948247005e-07
1.222036727879799558e-07
1.742904841402337322e-07
1.222036727879799558e-07
1.742904841402337322e-07
1.222036727879799558e-07
1.742904841402337322e-07
1.222036727879799558e-07
1.742904841402337322e-07
1.222036727879799558e-07
1.742904841402337322e-07
1.222036727879799558e-07
1.742904841402337322e-07
1.222036727879799558e-07
1.742904841402337322e-07
1.642737896494156952e-07
1.642737896494156952e-07
1.642737896494156952e-07
1.642737896494156952e-07
1.642737896494156952e-07
1.642737896494156952e-07
1.642737896494156952e-07
1.642737896494156952e-07
1.642737896494156952e-07
1.642737896494156952e-07
1.642737896494156952e-07
1.682804674457429047e-07
1.682804674457429047e-07
1.682804674457429047e-07
1.682804674457429047e-07
1.682804674457429047e-07
1.682804674457429047e-07
1.682804674457429047e-07
1.682804674457429047e-07
1.682804674457429047e-07
1.682804674457429047e-07
1.712854757929883185e-07
1.712854757929883185e-07
1.712854757929883185e-07
1.712854757929883185e-07
1.712854757929883185e-07
1.712854757929883185e-07
1.712854757929883185e-07
1.712854757929883185e-07
1.712854757929883185e-07
1.712854757929883185e-07
2.714524207011686353e-07
2.714524207011686353e-07
2.714524207011686353e-07
2.714524207011686353e-07
2.714524207011686353e-07
2.714524207011686353e-07
2.714524207011686353e-07
2.714524207011686353e-07
2.714524207011686353e-07
2.714524207011686353e-07
1.772954924874791195e-07
1.772954924874791195e-07
1.772954924874791195e-07
1.772954924874791195e-07
1.772954924874791195e-07
1.772954924874791195e-07
1.772954924874791195e-07
1.772954924874791195e-07
1.772954924874791195e-07
1.772954924874791195e-07
1.772954924874791195e-07
1.772954924874791195e-07
1.772954924874791195e-07
1.772954924874791195e-07
1.752921535893155280e-07
1.752921535893155280e-07
1.752921535893155280e-07
1.752921535893155280e-07
1.752921535893155280e-07
1.752921535893155280e-07
1.752921535893155280e-07
1.752921535893155280e-07
1.752921535893155280e-07
1.752921535893155280e-07
1.702838063439064963e-07
1.702838063439064963e-07
1.702838063439064963e-07
1.702838063439064963e-07
1.702838063439064963e-07
1.702838063439064963e-07
1.702838063439064963e-07
1.702838063439064963e-07
1.702838063439064963e-07
1.732888146911519100e-07
1.732888146911519100e-07
1.732888146911519100e-07
1.732888146911519100e-07
1.732888146911519100e-07
1.732888146911519100e-07
1.732888146911519100e-07
1.732888146911519100e-07
1.732888146911519100e-07
1.732888146911519100e-07
1.732888146911519100e-07
1.732888146911519100e-07
1.732888146911519100e-07
1.732888146911519100e-07
1.732888146911519100e-07
1.732888146911519100e-07
1.732888146911519100e-07
1.732888146911519100e-07
1.732888146911519100e-07
1.732888146911519100e-07
7.212020033388981064e-08
7.212020033388981064e-08
7.212020033388981064e-08
3.956594323873122091e-07
3.956594323873122091e-07
3.956594323873122091e-07
3.956594323873122091e-07
3.956594323873122091e-07
1.642737896494156952e-07
1.642737896494156952e-07
1.642737896494156952e-07
5.218697829716193215e-07
5.218697829716193215e-07
5.218697829716193215e-07
5.218697829716193215e-07
5.218697829716193215e-07
5.218697829716193215e-07
5.218697829716193215e-07
5.218697829716193215e-07
5.218697829716193215e-07
1.722871452420701142e-07
1.722871452420701142e-07
1.722871452420701142e-07
1.722871452420701142e-07
1.702838063439064963e-07
1.702838063439064963e-07
1.702838063439064963e-07
1.702838063439064963e-07
1.702838063439064963e-07
1.702838063439064963e-07
1.702838063439064963e-07
1.702838063439064963e-07
1.702838063439064963e-07
1.702838063439064963e-07
1.702838063439064963e-07
1.702838063439064963e-07
1.702838063439064963e-07
1.762938230383973237e-07
1.762938230383973237e-07
1.762938230383973237e-07
1.762938230383973237e-07
1.762938230383973237e-07
1.762938230383973237e-07
1.762938230383973237e-07
1.762938230383973237e-07
1.762938230383973237e-07
1.762938230383973237e-07
1.762938230383973237e-07
1.762938230383973237e-07
1.752921535893155280e-07
1.752921535893155280e-07
1.752921535893155280e-07
1.752921535893155280e-07
1.752921535893155280e-07
1.752921535893155280e-07
1.752921535893155280e-07
1.752921535893155280e-07
1.752921535893155280e-07
1.752921535893155280e-07
1.752921535893155280e-07
1.722871452420701142e-07
1.722871452420701142e-07
1.722871452420701142e-07
1.722871452420701142e-07
1.722871452420701142e-07
4.277128547579298851e-07
4.277128547579298851e-07
4.277128547579298851e-07
4.277128547579298851e-07
4.277128547579298851e-07
4.277128547579298851e-07
1.782971619365609417e-07
1.782971619365609417e-07
1.782971619365609417e-07
1.782971619365609417e-07
1.782971619365609417e-07
1.782971619365609417e-07
1.782971619365609417e-07
1.782971619365609417e-07
1.782971619365609417e-07
1.732888146911519100e-07
1.732888146911519100e-07
1.732888146911519100e-07
1.732888146911519100e-07
1.732888146911519100e-07
1.732888146911519100e-07
2.213689482470784504e-07
4.227045075125208798e-07
2.213689482470784504e-07
4.227045075125208798e-07
2.213689482470784504e-07
4.227045075125208798e-07
2.213689482470784504e-07
4.227045075125208798e-07
2.213689482470784504e-07
4.227045075125208798e-07
2.213689482470784504e-07
4.227045075125208798e-07
1.722871452420701142e-07
1.722871452420701142e-07
1.722871452420701142e-07
1.722871452420701142e-07
1.722871452420701142e-07
1.722871452420701142e-07
1.722871452420701142e-07
1.722871452420701142e-07
4.307178631051752856e-08
1.712854757929883185e-07
1.712854757929883185e-07
1.712854757929883185e-07
1.712854757929883185e-07
1.712854757929883185e-07
1.712854757929883185e-07
1.712854757929883185e-07
1.712854757929883185e-07
1.712854757929883185e-07
1.732888146911519100e-07
1.732888146911519100e-07
1.732888146911519100e-07
1.732888146911519100e-07
1.732888146911519100e-07
1.732888146911519100e-07
1.732888146911519100e-07
1.732888146911519100e-07
1.742904841402337322e-07
1.742904841402337322e-07
1.742904841402337322e-07
1.742904841402337322e-07
1.742904841402337322e-07
1.742904841402337322e-07
1.742904841402337322e-07
1.742904841402337322e-07
1.742904841402337322e-07
1.742904841402337322e-07
1.762938230383973237e-07
1.762938230383973237e-07
1.762938230383973237e-07
1.762938230383973237e-07
1.762938230383973237e-07
1.762938230383973237e-07
1.762938230383973237e-07
1.762938230383973237e-07
1.762938230383973237e-07
1.762938230383973237e-07
1.762938230383973237e-07
4.247078464106844713e-07
4.247078464106844713e-07
4.247078464106844713e-07
4.247078464106844713e-07
4.247078464106844713e-07
4.247078464106844713e-07
4.247078464106844713e-07
4.247078464106844713e-07
1.782971619365609417e-07
1.782971619365609417e-07
1.782971619365609417e-07
1.782971619365609417e-07
1.782971619365609417e-07
1.782971619365609417e-07
1.782971619365609417e-07
1.782971619365609417e-07
1.782971619365609417e-07
1.782971619365609417e-07
1.712854757929883185e-07
1.712854757929883185e-07
1.712854757929883185e-07
1.712854757929883185e-07
1.712854757929883185e-07
1.712854757929883185e-07
1.712854757929883185e-07
1.712854757929883185e-07
1.712854757929883185e-07
1.682804674457429047e-07
1.682804674457429047e-07
1.682804674457429047e-07
1.682804674457429047e-07
1.682804674457429047e-07
1.682804674457429047e-07
1.682804674457429047e-07
1.682804674457429047e-07
1.682804674457429047e-07
1.682804674457429047e-07
1.682804674457429047e-07
1.682804674457429047e-07
1.682804674457429047e-07
