1.742904841402337322e-07
1.742904841402337322e-07
1.742904841402337322e-07
1.742904841402337322e-07
1.742904841402337322e-07
1.742904841402337322e-07
1.742904841402337322e-07
1.742904841402337322e-07
1.001669449081802995e-09
1.001669449081802995e-09
1.001669449081802995e-09
1.001669449081802995e-09
1.001669449081802995e-09
1.001669449081802995e-09
1.001669449081802995e-09
1.001669449081802995e-09
4.257095158597662936e-07
4.257095158597662936e-07
4.257095158597662936e-07
4.257095158597662936e-07
4.257095158597662936e-07
4.257095158597662936e-07
4.257095158597662936e-07
4.257095158597662936e-07
4.257095158597662936e-07
4.257095158597662936e-07
4.257095158597662936e-07
1.722871452420701142e-07
1.722871452420701142e-07
1.722871452420701142e-07
1.722871452420701142e-07
1.722871452420701142e-07
1.722871452420701142e-07
1.722871452420701142e-07
1.722871452420701142e-07
1.722871452420701142e-07
1.722871452420701142e-07
1.722871452420701142e-07
1.722871452420701142e-07
1.742904841402337322e-07
1.742904841402337322e-07
1.742904841402337322e-07
1.742904841402337322e-07
1.742904841402337322e-07
1.742904841402337322e-07
1.742904841402337322e-07
1.742904841402337322e-07
1.742904841402337322e-07
1.782971619365609417e-07
1.782971619365609417e-07
1.782971619365609417e-07
1.782971619365609417e-07
4.287145242070117073e-07
4.287145242070117073e-07
4.287145242070117073e-07
4.287145242070117073e-07
4.287145242070117073e-07
4.287145242070117073e-07
4.287145242070117073e-07
4.287145242070117073e-07
1.752921535893155280e-07
1.752921535893155280e-07
1.752921535893155280e-07
1.752921535893155280e-07
1.752921535893155280e-07
1.752921535893155280e-07
1.752921535893155280e-07
1.752921535893155280e-07
1.702838063439064963e-07
1.702838063439064963e-07
1.702838063439064963e-07
1.702838063439064963e-07
1.702838063439064963e-07
1.702838063439064963e-07
1.702838063439064963e-07
1.702838063439064963e-07
1.702838063439064963e-07
1.702838063439064963e-07
1.702838063439064963e-07
1.702838063439064963e-07
1.702838063439064963e-07
1.702838063439064963e-07
1.702838063439064963e-07
1.702838063439064963e-07
1.702838063439064963e-07
1.702838063439064963e-07
1.702838063439064963e-07
1.702838063439064963e-07
1.702838063439064963e-07
2.804674457429048302e-08
2.804674457429048302e-08
2.804674457429048302e-08
2.804674457429048302e-08
2.804674457429048302e-08
2.804674457429048302e-08
2.804674457429048302e-08
2.804674457429048302e-08
4.787979966611018128e-07
4.787979966611018128e-07
4.787979966611018128e-07
4.787979966611018128e-07
4.787979966611018128e-07
4.787979966611018128e-07
4.787979966611018128e-07
4.787979966611018128e-07
4.787979966611018128e-07
4.787979966611018128e-07
4.787979966611018128e-07
4.787979966611018128e-07
4.787979966611018128e-07
4.787979966611018128e-07
1.732888146911519100e-07
5.439065108514189870e-07
5.439065108514189870e-07
5.439065108514189870e-07
5.439065108514189870e-07
5.439065108514189870e-07
5.439065108514189870e-07
5.439065108514189870e-07
5.439065108514189870e-07
5.439065108514189870e-07
5.439065108514189870e-07
5.439065108514189870e-07
5.439065108514189870e-07
5.439065108514189870e-07
4.267111853088480629e-07
4.267111853088480629e-07
4.267111853088480629e-07
4.267111853088480629e-07
4.267111853088480629e-07
4.267111853088480629e-07
4.267111853088480629e-07
1.762938230383973237e-07
1.762938230383973237e-07
1.762938230383973237e-07
1.762938230383973237e-07
1.762938230383973237e-07
1.762938230383973237e-07
1.762938230383973237e-07
5.048414023372286613e-07
5.048414023372286613e-07
5.048414023372286613e-07
5.048414023372286613e-07
5.048414023372286613e-07
5.048414023372286613e-07
5.048414023372286613e-07
5.048414023372286613e-07
5.048414023372286613e-07
5.048414023372286613e-07
5.048414023372286613e-07
5.048414023372286613e-07
1.732888146911519100e-07
1.732888146911519100e-07
1.732888146911519100e-07
1.732888146911519100e-07
1.732888146911519100e-07
1.732888146911519100e-07
1.732888146911519100e-07
1.732888146911519100e-07
1.732888146911519100e-07
1.732888146911519100e-07
1.732888146911519100e-07
1.722871452420701142e-07
1.722871452420701142e-07
1.722871452420701142e-07
1.722871452420701142e-07
1.722871452420701142e-07
1.722871452420701142e-07
2.964941569282136616e-07
2.964941569282136616e-07
2.964941569282136616e-07
2.964941569282136616e-07
2.964941569282136616e-07
2.964941569282136616e-07
1.712854757929883185e-07
1.712854757929883185e-07
1.712854757929883185e-07
1.712854757929883185e-07
1.712854757929883185e-07
1.712854757929883185e-07
1.712854757929883185e-07
1.712854757929883185e-07
1.712854757929883185e-07
1.692821368948247005e-07
1.692821368948247005e-07
1.692821368948247005e-07
1.692821368948247005e-07
1.692821368948247005e-07
1.692821368948247005e-07
1.742904841402337322e-07
1.742904841402337322e-07
1.742904841402337322e-07
1.742904841402337322e-07
1.742904841402337322e-07
1.742904841402337322e-07
1.742904841402337322e-07
1.742904841402337322e-07
1.742904841402337322e-07
1.742904841402337322e-07
1.742904841402337322e-07
1.742904841402337322e-07
1.742904841402337322e-07
1.742904841402337322e-07
1.742904841402337322e-07
1.742904841402337322e-07
1.742904841402337322e-07
1.742904841402337322e-07
1.742904841402337322e-07
1.742904841402337322e-07
1.742904841402337322e-07
1.742904841402337322e-07
1.742904841402337322e-07
1.742904841402337322e-07
1.742904841402337322e-07
1.742904841402337322e-07
1.732888146911519100e-07
1.732888146911519100e-07
1.732888146911519100e-07
1.732888146911519100e-07
1.732888146911519100e-07
1.732888146911519100e-07
4.537562604340567336e-07
4.537562604340567336e-07
4.537562604340567336e-07
4.537562604340567336e-07
4.537562604340567336e-07
4.537562604340567336e-07
4.537562604340567336e-07
4.537562604340567336e-07
4.537562604340567336e-07
4.537562604340567336e-07
4.537562604340567336e-07
4.537562604340567336e-07
1.632721202003338995e-07
1.732888146911519100e-07
1.732888146911519100e-07
1.732888146911519100e-07
1.732888146911519100e-07
1.732888146911519100e-07
1.732888146911519100e-07
1.732888146911519100e-07
1.732888146911519100e-07
1.732888146911519100e-07
1.702838063439064963e-07
4.006677796327212144e-07
4.317195325542570681e-07
1.702838063439064963e-07
4.006677796327212144e-07
4.317195325542570681e-07
1.702838063439064963e-07
4.006677796327212144e-07
4.317195325542570681e-07
1.702838063439064963e-07
4.006677796327212144e-07
4.317195325542570681e-07
1.702838063439064963e-07
4.006677796327212144e-07
4.317195325542570681e-07
1.702838063439064963e-07
4.006677796327212144e-07
4.317195325542570681e-07
1.702838063439064963e-07
4.006677796327212144e-07
4.317195325542570681e-07
1.702838063439064963e-07
4.006677796327212144e-07
4.317195325542570681e-07
1.702838063439064963e-07
4.006677796327212144e-07
4.317195325542570681e-07
1.692821368948247005e-07
1.692821368948247005e-07
1.692821368948247005e-07
1.692821368948247005e-07
1.692821368948247005e-07
1.692821368948247005e-07
1.692821368948247005e-07
4.307178631051752988e-07
4.307178631051752988e-07
4.307178631051752988e-07
4.307178631051752988e-07
4.307178631051752988e-07
4.307178631051752988e-07
4.307178631051752988e-07
4.307178631051752988e-07
4.307178631051752988e-07
4.307178631051752988e-07
4.307178631051752988e-07
1.772954924874791195e-07
1.772954924874791195e-07
1.772954924874791195e-07
1.772954924874791195e-07
1.772954924874791195e-07
1.772954924874791195e-07
1.772954924874791195e-07
1.772954924874791195e-07
1.772954924874791195e-07
4.317195325542570681e-07
4.317195325542570681e-07
4.317195325542570681e-07
4.317195325542570681e-07
4.317195325542570681e-07
4.317195325542570681e-07
4.317195325542570681e-07
4.317195325542570681e-07
4.317195325542570681e-07
1.682804674457429047e-07
1.682804674457429047e-07
1.682804674457429047e-07
1.682804674457429047e-07
1.682804674457429047e-07
1.682804674457429047e-07
1.682804674457429047e-07
1.682804674457429047e-07
1.682804674457429047e-07
1.682804674457429047e-07
1.682804674457429047e-07
1.682804674457429047e-07
1.682804674457429047e-07
1.682804674457429047e-07
1.762938230383973237e-07
4.317195325542570681e-07
1.762938230383973237e-07
4.317195325542570681e-07
1.762938230383973237e-07
4.317195325542570681e-07
1.762938230383973237e-07
4.317195325542570681e-07
1.762938230383973237e-07
4.317195325542570681e-07
1.762938230383973237e-07
4.317195325542570681e-07
1.762938230383973237e-07
4.317195325542570681e-07
1.762938230383973237e-07
4.317195325542570681e-07
1.762938230383973237e-07
4.317195325542570681e-07
1.762938230383973237e-07
4.317195325542570681e-07
1.762938230383973237e-07
4.317195325542570681e-07
1.762938230383973237e-07
4.317195325542570681e-07
1.702838063439064963e-07
1.702838063439064963e-07
1.702838063439064963e-07
3.495826377295492337e-07
4.016694490818029837e-07
3.495826377295492337e-07
4.016694490818029837e-07
3.495826377295492337e-07
4.016694490818029837e-07
3.495826377295492337e-07
4.016694490818029837e-07
3.495826377295492337e-07
4.016694490818029837e-07
1.752921535893155280e-07
1.752921535893155280e-07
1.752921535893155280e-07
1.752921535893155280e-07
1.752921535893155280e-07
1.752921535893155280e-07
1.702838063439064963e-07
1.702838063439064963e-07
1.702838063439064963e-07
1.702838063439064963e-07
1.702838063439064963e-07
1.702838063439064963e-07
1.702838063439064963e-07
1.702838063439064963e-07
1.702838063439064963e-07
1.702838063439064963e-07
1.702838063439064963e-07
1.702838063439064963e-07
1.702838063439064963e-07
1.702838063439064963e-07
1.752921535893155280e-07
1.752921535893155280e-07
1.752921535893155280e-07
1.752921535893155280e-07
1.752921535893155280e-07
1.692821368948247005e-07
1.692821368948247005e-07
1.692821368948247005e-07
1.692821368948247005e-07
1.692821368948247005e-07
1.692821368948247005e-07
1.692821368948247005e-07
1.692821368948247005e-07
1.692821368948247005e-07
1.692821368948247005e-07
1.722871452420701142e-07
1.722871452420701142e-07
1.722871452420701142e-07
1.722871452420701142e-07
1.722871452420701142e-07
1.722871452420701142e-07
1.722871452420701142e-07
1.722871452420701142e-07
1.722871452420701142e-07
1.722871452420701142e-07
1.692821368948247005e-07
1.692821368948247005e-07
1.692821368948247005e-07
1.692821368948247005e-07
1.692821368948247005e-07
1.692821368948247005e-07
1.692821368948247005e-07
1.692821368948247005e-07
1.692821368948247005e-07
1.692821368948247005e-07
1.692821368948247005e-07
1.692821368948247005e-07
1.692821368948247005e-07
1.692821368948247005e-07
1.692821368948247005e-07
1.692821368948247005e-07
1.692821368948247005e-07
1.692821368948247005e-07
1.692821368948247005e-07
1.692821368948247005e-07
1.692821368948247005e-07
1.692821368948247005e-07
1.692821368948247005e-07
1.692821368948247005e-07
1.692821368948247005e-07
1.692821368948247005e-07
1.692821368948247005e-07
1.692821368948247005e-07
1.692821368948247005e-07
1.692821368948247005e-07
1.692821368948247005e-07
1.692821368948247005e-07
1.692821368948247005e-07
1.692821368948247005e-07
1.692821368948247005e-07
1.692821368948247005e-07
1.692821368948247005e-07
1.692821368948247005e-07
1.692821368948247005e-07
1.692821368948247005e-07
1.692821368948247005e-07
1.692821368948247005e-07
1.692821368948247005e-07
1.692821368948247005e-07
1.692821368948247005e-07
1.692821368948247005e-07
1.692821368948247005e-07
1.692821368948247005e-07
1.692821368948247005e-07
1.692821368948247005e-07
1.692821368948247005e-07
1.692821368948247005e-07
1.692821368948247005e-07
1.692821368948247005e-07
1.692821368948247005e-07
1.692821368948247005e-07
1.692821368948247005e-07
1.692821368948247005e-07
1.692821368948247005e-07
1.692821368948247005e-07
1.692821368948247005e-07
1.692821368948247005e-07
1.692821368948247005e-07
1.692821368948247005e-07
1.692821368948247005e-07
1.692821368948247005e-07
1.692821368948247005e-07
1.692821368948247005e-07
1.692821368948247005e-07
1.692821368948247005e-07
1.692821368948247005e-07
1.692821368948247005e-07
1.692821368948247005e-07
1.692821368948247005e-07
1.692821368948247005e-07
1.692821368948247005e-07
1.692821368948247005e-07
1.692821368948247005e-07
1.692821368948247005e-07
1.692821368948247005e-07
1.692821368948247005e-07
1.692821368948247005e-07
1.692821368948247005e-07
1.692821368948247005e-07
1.692821368948247005e-07
1.692821368948247005e-07
1.692821368948247005e-07
1.692821368948247005e-07
1.692821368948247005e-07
1.692821368948247005e-07
1.692821368948247005e-07
1.692821368948247005e-07
1.692821368948247005e-07
1.692821368948247005e-07
1.692821368948247005e-07
1.692821368948247005e-07
1.692821368948247005e-07
1.692821368948247005e-07
1.692821368948247005e-07
1.692821368948247005e-07
1.692821368948247005e-07
1.692821368948247005e-07
1.692821368948247005e-07
1.692821368948247005e-07
1.692821368948247005e-07
1.692821368948247005e-07
1.692821368948247005e-07
1.692821368948247005e-07
1.692821368948247005e-07
1.692821368948247005e-07
1.692821368948247005e-07
1.692821368948247005e-07
1.692821368948247005e-07
1.692821368948247005e-07
1.692821368948247005e-07
1.692821368948247005e-07
1.692821368948247005e-07
1.692821368948247005e-07
1.692821368948247005e-07
1.692821368948247005e-07
1.692821368948247005e-07
1.692821368948247005e-07
1.692821368948247005e-07
1.692821368948247005e-07
1.692821368948247005e-07
1.692821368948247005e-07
1.692821368948247005e-07
1.692821368948247005e-07
1.692821368948247005e-07
1.692821368948247005e-07
1.692821368948247005e-07
1.692821368948247005e-07
1.692821368948247005e-07
1.692821368948247005e-07
1.692821368948247005e-07
1.692821368948247005e-07
1.692821368948247005e-07
1.692821368948247005e-07
1.692821368948247005e-07
1.692821368948247005e-07
1.692821368948247005e-07
1.692821368948247005e-07
1.692821368948247005e-07
1.692821368948247005e-07
1.692821368948247005e-07
1.692821368948247005e-07
1.692821368948247005e-07
1.692821368948247005e-07
1.692821368948247005e-07
1.692821368948247005e-07
1.692821368948247005e-07
1.692821368948247005e-07
1.692821368948247005e-07
1.692821368948247005e-07
1.692821368948247005e-07
1.692821368948247005e-07
1.692821368948247005e-07
1.692821368948247005e-07
1.692821368948247005e-07
1.692821368948247005e-07
1.692821368948247005e-07
1.692821368948247005e-07
1.692821368948247005e-07
1.692821368948247005e-07
1.692821368948247005e-07
1.692821368948247005e-07
1.692821368948247005e-07
1.692821368948247005e-07
1.692821368948247005e-07
1.692821368948247005e-07
1.692821368948247005e-07
1.692821368948247005e-07
1.692821368948247005e-07
1.692821368948247005e-07
1.692821368948247005e-07
1.692821368948247005e-07
1.692821368948247005e-07
1.692821368948247005e-07
1.692821368948247005e-07
1.692821368948247005e-07
1.692821368948247005e-07
1.692821368948247005e-07
1.692821368948247005e-07
1.692821368948247005e-07
1.692821368948247005e-07
1.692821368948247005e-07
1.692821368948247005e-07
1.692821368948247005e-07
1.692821368948247005e-07
1.692821368948247005e-07
1.692821368948247005e-07
1.692821368948247005e-07
1.692821368948247005e-07
1.692821368948247005e-07
1.692821368948247005e-07
1.692821368948247005e-07
1.692821368948247005e-07
1.692821368948247005e-07
1.692821368948247005e-07
1.692821368948247005e-07
1.692821368948247005e-07
1.692821368948247005e-07
1.692821368948247005e-07
1.692821368948247005e-07
1.692821368948247005e-07
1.692821368948247005e-07
1.692821368948247005e-07
1.742904841402337322e-07
1.742904841402337322e-07
1.742904841402337322e-07
1.742904841402337322e-07
1.742904841402337322e-07
1.742904841402337322e-07
1.742904841402337322e-07
1.742904841402337322e-07
1.672787979966611090e-07
1.672787979966611090e-07
1.672787979966611090e-07
1.672787979966611090e-07
1.672787979966611090e-07
1.672787979966611090e-07
1.672787979966611090e-07
1.672787979966611090e-07
1.672787979966611090e-07
1.672787979966611090e-07
1.672787979966611090e-07
1.752921535893155280e-07
1.752921535893155280e-07
1.752921535893155280e-07
1.752921535893155280e-07
1.752921535893155280e-07
1.752921535893155280e-07
1.752921535893155280e-07
1.752921535893155280e-07
1.752921535893155280e-07
1.752921535893155280e-07
1.752921535893155280e-07
1.752921535893155280e-07
1.752921535893155280e-07
1.111853088480801363e-07
1.111853088480801363e-07
1.111853088480801363e-07
1.111853088480801363e-07
1.111853088480801363e-07
1.111853088480801363e-07
1.111853088480801363e-07
1.111853088480801363e-07
1.111853088480801363e-07
1.111853088480801363e-07
1.692821368948247005e-07
1.692821368948247005e-07
1.692821368948247005e-07
1.692821368948247005e-07
1.692821368948247005e-07
1.692821368948247005e-07
1.692821368948247005e-07
1.692821368948247005e-07
1.692821368948247005e-07
1.692821368948247005e-07
1.712854757929883185e-07
1.712854757929883185e-07
1.712854757929883185e-07
1.712854757929883185e-07
1.712854757929883185e-07
1.712854757929883185e-07
1.712854757929883185e-07
1.682804674457429047e-07
1.682804674457429047e-07
1.682804674457429047e-07
1.682804674457429047e-07
1.682804674457429047e-07
1.682804674457429047e-07
1.682804674457429047e-07
1.682804674457429047e-07
1.682804674457429047e-07
1.682804674457429047e-07
1.682804674457429047e-07
1.742904841402337322e-07
1.742904841402337322e-07
1.742904841402337322e-07
1.742904841402337322e-07
1.742904841402337322e-07
1.742904841402337322e-07
1.742904841402337322e-07
1.742904841402337322e-07
1.742904841402337322e-07
1.742904841402337322e-07
1.742904841402337322e-07
1.742904841402337322e-07
1.742904841402337322e-07
1.722871452420701142e-07
1.722871452420701142e-07
1.722871452420701142e-07
1.722871452420701142e-07
1.722871452420701142e-07
1.722871452420701142e-07
1.722871452420701142e-07
1.712854757929883185e-07
1.712854757929883185e-07
1.712854757929883185e-07
1.712854757929883185e-07
1.712854757929883185e-07
1.712854757929883185e-07
1.702838063439064963e-07
1.702838063439064963e-07
1.702838063439064963e-07
1.702838063439064963e-07
1.702838063439064963e-07
1.702838063439064963e-07
1.702838063439064963e-07
1.702838063439064963e-07
1.702838063439064963e-07
1.702838063439064963e-07
1.702838063439064963e-07
1.702838063439064963e-07
1.602671118530884857e-07
1.602671118530884857e-07
1.602671118530884857e-07
1.602671118530884857e-07
1.602671118530884857e-07
1.602671118530884857e-07
1.602671118530884857e-07
1.602671118530884857e-07
1.602671118530884857e-07
1.602671118530884857e-07
1.602671118530884857e-07
1.602671118530884857e-07
1.602671118530884857e-07
1.742904841402337322e-07
1.742904841402337322e-07
1.742904841402337322e-07
1.742904841402337322e-07
1.742904841402337322e-07
1.742904841402337322e-07
1.742904841402337322e-07
1.742904841402337322e-07
1.742904841402337322e-07
1.742904841402337322e-07
1.742904841402337322e-07
1.742904841402337322e-07
1.682804674457429047e-07
4.217028380634390576e-07
1.682804674457429047e-07
4.217028380634390576e-07
1.682804674457429047e-07
4.217028380634390576e-07
1.682804674457429047e-07
4.217028380634390576e-07
1.682804674457429047e-07
4.217028380634390576e-07
1.682804674457429047e-07
4.217028380634390576e-07
1.682804674457429047e-07
4.217028380634390576e-07
1.682804674457429047e-07
4.217028380634390576e-07
1.682804674457429047e-07
4.217028380634390576e-07
4.267111853088480629e-07
4.267111853088480629e-07
4.267111853088480629e-07
4.267111853088480629e-07
4.267111853088480629e-07
7.612687813021703338e-08
1.692821368948247005e-07
7.612687813021703338e-08
1.692821368948247005e-07
7.612687813021703338e-08
1.692821368948247005e-07
7.612687813021703338e-08
1.692821368948247005e-07
7.612687813021703338e-08
1.692821368948247005e-07
7.612687813021703338e-08
1.692821368948247005e-07
7.612687813021703338e-08
1.692821368948247005e-07
7.612687813021703338e-08
1.692821368948247005e-07
7.612687813021703338e-08
1.692821368948247005e-07
7.612687813021703338e-08
1.692821368948247005e-07
7.612687813021703338e-08
1.692821368948247005e-07
1.682804674457429047e-07
1.682804674457429047e-07
1.682804674457429047e-07
1.682804674457429047e-07
1.682804674457429047e-07
1.682804674457429047e-07
1.682804674457429047e-07
1.692821368948247005e-07
1.692821368948247005e-07
1.692821368948247005e-07
1.692821368948247005e-07
1.692821368948247005e-07
1.692821368948247005e-07
1.732888146911519100e-07
1.732888146911519100e-07
1.732888146911519100e-07
1.732888146911519100e-07
1.732888146911519100e-07
1.732888146911519100e-07
1.732888146911519100e-07
1.732888146911519100e-07
1.732888146911519100e-07
1.732888146911519100e-07
1.732888146911519100e-07
1.732888146911519100e-07
1.732888146911519100e-07
1.732888146911519100e-07
4.267111853088480629e-07
4.267111853088480629e-07
4.267111853088480629e-07
4.267111853088480629e-07
4.267111853088480629e-07
4.267111853088480629e-07
4.267111853088480629e-07
4.267111853088480629e-07
4.267111853088480629e-07
4.267111853088480629e-07
4.267111853088480629e-07
3.936560934891485647e-07
3.936560934891485647e-07
3.936560934891485647e-07
3.936560934891485647e-07
3.936560934891485647e-07
3.936560934891485647e-07
3.936560934891485647e-07
3.936560934891485647e-07
3.936560934891485647e-07
3.936560934891485647e-07
3.936560934891485647e-07
3.936560934891485647e-07
4.928213689482471122e-07
4.928213689482471122e-07
4.928213689482471122e-07
4.928213689482471122e-07
4.928213689482471122e-07
4.928213689482471122e-07
4.928213689482471122e-07
4.928213689482471122e-07
4.928213689482471122e-07
4.928213689482471122e-07
4.928213689482471122e-07
4.928213689482471122e-07
1.712854757929883185e-07
1.712854757929883185e-07
1.712854757929883185e-07
4.006677796327212144e-07
4.006677796327212144e-07
4.006677796327212144e-07
4.006677796327212144e-07
4.006677796327212144e-07
4.006677796327212144e-07
1.732888146911519100e-07
1.732888146911519100e-07
1.732888146911519100e-07
1.732888146911519100e-07
1.732888146911519100e-07
1.732888146911519100e-07
1.732888146911519100e-07
1.732888146911519100e-07
1.732888146911519100e-07
1.732888146911519100e-07
1.732888146911519100e-07
1.742904841402337322e-07
1.742904841402337322e-07
1.742904841402337322e-07
1.742904841402337322e-07
1.742904841402337322e-07
1.742904841402337322e-07
1.742904841402337322e-07
2.464106844741235561e-07
2.464106844741235561e-07
2.464106844741235561e-07
2.464106844741235561e-07
2.464106844741235561e-07
2.464106844741235561e-07
2.464106844741235561e-07
2.464106844741235561e-07
2.464106844741235561e-07
2.464106844741235561e-07
2.464106844741235561e-07
1.752921535893155280e-07
1.752921535893155280e-07
1.752921535893155280e-07
1.752921535893155280e-07
1.752921535893155280e-07
1.752921535893155280e-07
1.752921535893155280e-07
1.752921535893155280e-07
1.752921535893155280e-07
1.752921535893155280e-07
1.752921535893155280e-07
1.752921535893155280e-07
1.732888146911519100e-07
1.732888146911519100e-07
1.732888146911519100e-07
1.732888146911519100e-07
1.732888146911519100e-07
1.742904841402337322e-07
1.742904841402337322e-07
1.742904841402337322e-07
1.742904841402337322e-07
1.742904841402337322e-07
1.742904841402337322e-07
1.682804674457429047e-07
1.682804674457429047e-07
1.682804674457429047e-07
1.682804674457429047e-07
1.682804674457429047e-07
1.682804674457429047e-07
1.682804674457429047e-07
1.682804674457429047e-07
1.682804674457429047e-07
1.682804674457429047e-07
1.682804674457429047e-07
1.632721202003338995e-07
1.632721202003338995e-07
1.632721202003338995e-07
1.632721202003338995e-07
1.632721202003338995e-07
1.632721202003338995e-07
1.632721202003338995e-07
1.632721202003338995e-07
1.632721202003338995e-07
4.237061769616026491e-07
4.237061769616026491e-07
4.237061769616026491e-07
4.237061769616026491e-07
4.237061769616026491e-07
1.692821368948247005e-07
1.692821368948247005e-07
1.692821368948247005e-07
1.692821368948247005e-07
1.692821368948247005e-07
1.682804674457429047e-07
1.682804674457429047e-07
1.682804674457429047e-07
1.682804674457429047e-07
1.682804674457429047e-07
1.682804674457429047e-07
1.682804674457429047e-07
1.742904841402337322e-07
1.742904841402337322e-07
1.742904841402337322e-07
1.742904841402337322e-07
1.742904841402337322e-07
1.742904841402337322e-07
1.742904841402337322e-07
1.742904841402337322e-07
1.742904841402337322e-07
1.742904841402337322e-07
1.742904841402337322e-07
1.742904841402337322e-07
1.742904841402337322e-07
1.682804674457429047e-07
1.682804674457429047e-07
1.682804674457429047e-07
1.682804674457429047e-07
1.682804674457429047e-07
1.682804674457429047e-07
1.682804674457429047e-07
1.682804674457429047e-07
1.682804674457429047e-07
1.662771285475792868e-07
1.662771285475792868e-07
1.662771285475792868e-07
1.662771285475792868e-07
1.662771285475792868e-07
1.662771285475792868e-07
1.662771285475792868e-07
1.662771285475792868e-07
1.752921535893155280e-07
1.752921535893155280e-07
1.752921535893155280e-07
1.752921535893155280e-07
1.752921535893155280e-07
1.752921535893155280e-07
1.752921535893155280e-07
1.752921535893155280e-07
1.752921535893155280e-07
1.752921535893155280e-07
3.315525876460768042e-07
3.315525876460768042e-07
3.315525876460768042e-07
3.315525876460768042e-07
3.315525876460768042e-07
3.315525876460768042e-07
3.315525876460768042e-07
1.692821368948247005e-07
1.692821368948247005e-07
1.692821368948247005e-07
1.692821368948247005e-07
1.692821368948247005e-07
1.692821368948247005e-07
1.692821368948247005e-07
1.692821368948247005e-07
1.692821368948247005e-07
1.692821368948247005e-07
1.722871452420701142e-07
1.722871452420701142e-07
1.722871452420701142e-07
1.722871452420701142e-07
1.722871452420701142e-07
1.722871452420701142e-07
1.722871452420701142e-07
1.722871452420701142e-07
1.722871452420701142e-07
1.772954924874791195e-07
1.772954924874791195e-07
1.772954924874791195e-07
1.772954924874791195e-07
9.716193656093488985e-08
9.716193656093488985e-08
9.716193656093488985e-08
9.716193656093488985e-08
9.716193656093488985e-08
9.716193656093488985e-08
9.716193656093488985e-08
9.716193656093488985e-08
1.722871452420701142e-07
1.722871452420701142e-07
1.722871452420701142e-07
3.205342237061769715e-07
3.205342237061769715e-07
3.205342237061769715e-07
3.205342237061769715e-07
3.205342237061769715e-07
3.205342237061769715e-07
3.205342237061769715e-07
3.205342237061769715e-07
3.205342237061769715e-07
3.205342237061769715e-07
3.205342237061769715e-07
3.205342237061769715e-07
3.806343906510851669e-08
3.806343906510851669e-08
3.806343906510851669e-08
3.806343906510851669e-08
3.806343906510851669e-08
3.806343906510851669e-08
3.806343906510851669e-08
3.806343906510851669e-08
3.806343906510851669e-08
3.806343906510851669e-08
3.806343906510851669e-08
3.806343906510851669e-08
3.806343906510851669e-08
1.722871452420701142e-07
1.722871452420701142e-07
1.722871452420701142e-07
1.722871452420701142e-07
1.722871452420701142e-07
1.722871452420701142e-07
1.722871452420701142e-07
1.612687813021702815e-07
1.612687813021702815e-07
1.692821368948247005e-07
1.692821368948247005e-07
1.692821368948247005e-07
1.692821368948247005e-07
1.692821368948247005e-07
1.692821368948247005e-07
1.692821368948247005e-07
1.712854757929883185e-07
1.712854757929883185e-07
1.712854757929883185e-07
4.267111853088480629e-07
4.267111853088480629e-07
4.267111853088480629e-07
4.267111853088480629e-07
4.267111853088480629e-07
4.267111853088480629e-07
1.913188647746243660e-07
1.913188647746243660e-07
1.913188647746243660e-07
1.913188647746243660e-07
1.913188647746243660e-07
1.913188647746243660e-07
1.913188647746243660e-07
1.913188647746243660e-07
1.672787979966611090e-07
1.672787979966611090e-07
1.672787979966611090e-07
1.672787979966611090e-07
4.227045075125208798e-07
4.227045075125208798e-07
4.227045075125208798e-07
4.227045075125208798e-07
4.227045075125208798e-07
1.622704507512520773e-07
1.622704507512520773e-07
1.622704507512520773e-07
1.622704507512520773e-07
1.622704507512520773e-07
1.692821368948247005e-07
1.692821368948247005e-07
1.692821368948247005e-07
1.692821368948247005e-07
1.692821368948247005e-07
1.692821368948247005e-07
1.692821368948247005e-07
1.692821368948247005e-07
1.692821368948247005e-07
1.752921535893155280e-07
1.752921535893155280e-07
1.752921535893155280e-07
1.752921535893155280e-07
1.752921535893155280e-07
1.752921535893155280e-07
1.752921535893155280e-07
1.752921535893155280e-07
1.752921535893155280e-07
1.752921535893155280e-07
1.712854757929883185e-07
1.712854757929883185e-07
1.712854757929883185e-07
4.156928213689482301e-07
4.156928213689482301e-07
4.156928213689482301e-07
4.156928213689482301e-07
4.156928213689482301e-07
4.156928213689482301e-07
4.156928213689482301e-07
2.083472454090150262e-07
2.083472454090150262e-07
2.083472454090150262e-07
2.083472454090150262e-07
2.083472454090150262e-07
1.742904841402337322e-07
1.742904841402337322e-07
1.742904841402337322e-07
1.742904841402337322e-07
1.742904841402337322e-07
1.742904841402337322e-07
1.742904841402337322e-07
1.742904841402337322e-07
1.742904841402337322e-07
1.742904841402337322e-07
1.742904841402337322e-07
1.722871452420701142e-07
1.722871452420701142e-07
1.722871452420701142e-07
1.722871452420701142e-07
1.722871452420701142e-07
1.722871452420701142e-07
1.722871452420701142e-07
1.722871452420701142e-07
1.772954924874791195e-07
1.772954924874791195e-07
1.772954924874791195e-07
1.772954924874791195e-07
1.772954924874791195e-07
1.772954924874791195e-07
1.772954924874791195e-07
1.772954924874791195e-07
1.752921535893155280e-07
1.752921535893155280e-07
1.752921535893155280e-07
1.752921535893155280e-07
1.752921535893155280e-07
1.752921535893155280e-07
1.752921535893155280e-07
1.752921535893155280e-07
1.312186978297161970e-07
1.312186978297161970e-07
1.312186978297161970e-07
1.312186978297161970e-07
1.312186978297161970e-07
1.312186978297161970e-07
1.312186978297161970e-07
1.312186978297161970e-07
1.312186978297161970e-07
1.312186978297161970e-07
1.312186978297161970e-07
1.312186978297161970e-07
1.312186978297161970e-07
1.312186978297161970e-07
1.001669449081803036e-07
1.001669449081803036e-07
1.001669449081803036e-07
1.001669449081803036e-07
1.001669449081803036e-07
1.001669449081803036e-07
1.001669449081803036e-07
1.001669449081803036e-07
1.001669449081803036e-07
1.001669449081803036e-07
1.001669449081803036e-07
1.692821368948247005e-07
1.692821368948247005e-07
1.692821368948247005e-07
1.692821368948247005e-07
1.692821368948247005e-07
1.692821368948247005e-07
1.692821368948247005e-07
1.692821368948247005e-07
1.692821368948247005e-07
1.692821368948247005e-07
1.722871452420701142e-07
1.722871452420701142e-07
1.722871452420701142e-07
1.722871452420701142e-07
1.722871452420701142e-07
1.722871452420701142e-07
3.225375626043405630e-07
3.225375626043405630e-07
3.225375626043405630e-07
3.225375626043405630e-07
3.225375626043405630e-07
3.225375626043405630e-07
3.225375626043405630e-07
3.225375626043405630e-07
3.225375626043405630e-07
3.225375626043405630e-07
3.225375626043405630e-07
1.732888146911519100e-07
1.732888146911519100e-07
1.732888146911519100e-07
1.732888146911519100e-07
1.732888146911519100e-07
1.732888146911519100e-07
1.732888146911519100e-07
1.732888146911519100e-07
1.732888146911519100e-07
1.732888146911519100e-07
1.732888146911519100e-07
1.702838063439064963e-07
1.702838063439064963e-07
1.702838063439064963e-07
1.702838063439064963e-07
1.702838063439064963e-07
1.702838063439064963e-07
1.702838063439064963e-07
1.702838063439064963e-07
1.702838063439064963e-07
1.702838063439064963e-07
0.000000000000000000e+00
0.000000000000000000e+00
0.000000000000000000e+00
0.000000000000000000e+00
0.000000000000000000e+00
0.000000000000000000e+00
0.000000000000000000e+00
0.000000000000000000e+00
4.297161936560934766e-07
4.297161936560934766e-07
4.297161936560934766e-07
4.297161936560934766e-07
4.297161936560934766e-07
4.297161936560934766e-07
4.297161936560934766e-07
4.297161936560934766e-07
4.297161936560934766e-07
4.297161936560934766e-07
1.702838063439064963e-07
1.702838063439064963e-07
1.702838063439064963e-07
1.702838063439064963e-07
1.702838063439064963e-07
1.702838063439064963e-07
1.702838063439064963e-07
1.702838063439064963e-07
1.702838063439064963e-07
1.702838063439064963e-07
1.702838063439064963e-07
4.247078464106844713e-07
4.247078464106844713e-07
4.247078464106844713e-07
4.247078464106844713e-07
4.247078464106844713e-07
1.662771285475792868e-07
1.662771285475792868e-07
1.662771285475792868e-07
1.662771285475792868e-07
1.662771285475792868e-07
1.662771285475792868e-07
1.662771285475792868e-07
1.662771285475792868e-07
1.662771285475792868e-07
1.672787979966611090e-07
1.672787979966611090e-07
1.672787979966611090e-07
1.672787979966611090e-07
1.672787979966611090e-07
1.672787979966611090e-07
1.672787979966611090e-07
1.672787979966611090e-07
1.672787979966611090e-07
1.672787979966611090e-07
1.732888146911519100e-07
1.732888146911519100e-07
1.732888146911519100e-07
1.732888146911519100e-07
1.732888146911519100e-07
1.722871452420701142e-07
1.722871452420701142e-07
1.722871452420701142e-07
1.722871452420701142e-07
1.722871452420701142e-07
1.722871452420701142e-07
1.722871452420701142e-07
1.722871452420701142e-07
1.722871452420701142e-07
2.804674457429048302e-08
2.8046744574290483