1.071786310517529242e-06
1.071786310517529242e-06
1.071786310517529242e-06
1.071786310517529242e-06
1.071786310517529242e-06
1.071786310517529242e-06
1.071786310517529242e-06
1.071786310517529242e-06
1.071786310517529242e-06
1.071786310517529242e-06
1.071786310517529242e-06
1.071786310517529242e-06
1.071786310517529242e-06
1.111853088480801284e-06
1.111853088480801284e-06
1.111853088480801284e-06
1.111853088480801284e-06
1.111853088480801284e-06
1.111853088480801284e-06
1.111853088480801284e-06
1.111853088480801284e-06
1.111853088480801284e-06
6.911519198664441014e-07
6.911519198664441014e-07
6.911519198664441014e-07
6.911519198664441014e-07
6.911519198664441014e-07
6.911519198664441014e-07
6.911519198664441014e-07
6.771285475792988020e-07
6.771285475792988020e-07
6.771285475792988020e-07
6.771285475792988020e-07
6.771285475792988020e-07
6.771285475792988020e-07
6.771285475792988020e-07
6.771285475792988020e-07
6.771285475792988020e-07
6.771285475792988020e-07
1.075792988313856319e-06
1.075792988313856319e-06
1.075792988313856319e-06
1.075792988313856319e-06
1.075792988313856319e-06
1.075792988313856319e-06
1.075792988313856319e-06
1.075792988313856319e-06
7.091819699499164780e-07
7.091819699499164780e-07
7.091819699499164780e-07
7.091819699499164780e-07
7.091819699499164780e-07
7.091819699499164780e-07
7.091819699499164780e-07
9.095158597662771116e-07
9.095158597662771116e-07
9.095158597662771116e-07
9.095158597662771116e-07
9.095158597662771116e-07
9.095158597662771116e-07
9.095158597662771116e-07
9.095158597662771116e-07
9.095158597662771116e-07
9.095158597662771116e-07
9.095158597662771116e-07
9.095158597662771116e-07
9.095158597662771116e-07
