6.490818030050083090e-07
6.490818030050083090e-07
6.490818030050083090e-07
6.490818030050083090e-07
6.490818030050083090e-07
6.490818030050083090e-07
6.490818030050083090e-07
6.490818030050083090e-07
6.490818030050083090e-07
1.001669449081803036e-08
1.001669449081803036e-08
1.001669449081803036e-08
1.001669449081803036e-08
1.001669449081803036e-08
1.001669449081803036e-08
1.001669449081803036e-08
1.001669449081803036e-08
1.117863105175292217e-06
1.117863105175292217e-06
1.117863105175292217e-06
1.117863105175292217e-06
1.117863105175292217e-06
1.117863105175292217e-06
1.117863105175292217e-06
1.117863105175292217e-06
1.117863105175292217e-06
1.117863105175292217e-06
1.117863105175292217e-06
1.117863105175292217e-06
1.117863105175292217e-06
1.123873121869782939e-06
1.123873121869782939e-06
1.123873121869782939e-06
1.123873121869782939e-06
1.123873121869782939e-06
1.123873121869782939e-06
1.123873121869782939e-06
1.123873121869782939e-06
1.123873121869782939e-06
1.123873121869782939e-06
1.123873121869782939e-06
7.672787979966611083e-07
7.672787979966611083e-07
7.672787979966611083e-07
7.672787979966611083e-07
7.672787979966611083e-07
8.213689482470784497e-07
8.213689482470784497e-07
8.213689482470784497e-07
8.213689482470784497e-07
8.213689482470784497e-07
8.213689482470784497e-07
9.736227045075125694e-07
9.736227045075125694e-07
9.736227045075125694e-07
9.736227045075125694e-07
9.736227045075125694e-07
9.736227045075125694e-07
9.736227045075125694e-07
9.736227045075125694e-07
9.736227045075125694e-07
9.736227045075125694e-07
9.736227045075125694e-07
9.736227045075125694e-07
9.736227045075125694e-07
9.736227045075125694e-07
1.173956594323873203e-06
1.173956594323873203e-06
1.173956594323873203e-06
1.173956594323873203e-06
1.173956594323873203e-06
1.173956594323873203e-06
1.173956594323873203e-06
1.173956594323873203e-06
1.173956594323873203e-06
1.173956594323873203e-06
1.173956594323873203e-06
1.173956594323873203e-06
1.173956594323873203e-06
1.173956594323873203e-06
1.173956594323873203e-06
1.173956594323873203e-06
1.173956594323873203e-06
9.395659432387312490e-07
9.395659432387312490e-07
9.395659432387312490e-07
9.395659432387312490e-07
9.395659432387312490e-07
9.395659432387312490e-07
9.395659432387312490e-07
9.395659432387312490e-07
9.395659432387312490e-07
9.395659432387312490e-07
9.395659432387312490e-07
9.395659432387312490e-07
