2.203672787979966547e-08
2.203672787979966547e-08
2.203672787979966547e-08
2.203672787979966547e-08
2.203672787979966547e-08
2.203672787979966547e-08
2.203672787979966547e-08
2.203672787979966547e-08
1.001669449081803036e-08
1.001669449081803036e-08
1.001669449081803036e-08
1.001669449081803036e-08
1.001669449081803036e-08
1.001669449081803036e-08
1.001669449081803036e-08
1.001669449081803036e-08
1.001669449081803036e-08
1.001669449081803036e-08
1.001669449081803036e-08
3.105175292153589080e-07
3.105175292153589080e-07
3.105175292153589080e-07
3.105175292153589080e-07
3.105175292153589080e-07
3.105175292153589080e-07
3.105175292153589080e-07
4.367278797996661263e-07
4.367278797996661263e-07
4.367278797996661263e-07
4.367278797996661263e-07
4.367278797996661263e-07
4.367278797996661263e-07
4.367278797996661263e-07
8.974958263772954566e-07
8.974958263772954566e-07
8.974958263772954566e-07
8.974958263772954566e-07
2.003338898163606072e-08
2.003338898163606072e-08
2.003338898163606072e-08
2.003338898163606072e-08
2.003338898163606072e-08
2.003338898163606072e-08
2.003338898163606072e-08
2.003338898163606072e-08
2.003338898163606072e-08
2.003338898163606072e-08
2.003338898163606072e-08
2.003338898163606072e-08
2.003338898163606072e-08
4.647746243739565663e-07
4.647746243739565663e-07
4.647746243739565663e-07
4.647746243739565663e-07
4.647746243739565663e-07
4.647746243739565663e-07
4.647746243739565663e-07
4.647746243739565663e-07
4.647746243739565663e-07
4.647746243739565663e-07
4.647746243739565663e-07
9.896494156928213015e-07
9.896494156928213015e-07
9.896494156928213015e-07
9.896494156928213015e-07
9.896494156928213015e-07
9.896494156928213015e-07
9.896494156928213015e-07
9.896494156928213015e-07
9.896494156928213015e-07
2.804674457429048302e-08
2.804674457429048302e-08
2.804674457429048302e-08
2.804674457429048302e-08
2.804674457429048302e-08
2.804674457429048302e-08
2.804674457429048302e-08
2.804674457429048302e-08
2.804674457429048302e-08
2.804674457429048302e-08
2.804674457429048302e-08
2.804674457429048302e-08
2.804674457429048302e-08
2.804674457429048302e-08
2.804674457429048302e-08
2.804674457429048302e-08
2.804674457429048302e-08
5.449081803005008092e-07
5.449081803005008092e-07
5.449081803005008092e-07
5.449081803005008092e-07
5.449081803005008092e-07
5.449081803005008092e-07
8.113522537562604392e-07
8.113522537562604392e-07
8.113522537562604392e-07
8.113522537562604392e-07
8.113522537562604392e-07
8.113522537562604392e-07
8.113522537562604392e-07
8.113522537562604392e-07
8.113522537562604392e-07
8.113522537562604392e-07
8.113522537562604392e-07
1.823038397328881512e-07
1.823038397328881512e-07
1.823038397328881512e-07
1.823038397328881512e-07
1.823038397328881512e-07
1.823038397328881512e-07
1.823038397328881512e-07
1.823038397328881512e-07
1.943238731218697797e-07
1.943238731218697797e-07
1.943238731218697797e-07
1.943238731218697797e-07
1.943238731218697797e-07
1.943238731218697797e-07
1.943238731218697797e-07
1.943238731218697797e-07
1.943238731218697797e-07
1.943238731218697797e-07
1.943238731218697797e-07
1.943238731218697797e-07
1.943238731218697797e-07
1.943238731218697797e-07
1.943238731218697797e-07
1.943238731218697797e-07
6.390651085141902985e-07
6.390651085141902985e-07
6.390651085141902985e-07
6.390651085141902985e-07
6.390651085141902985e-07
6.390651085141902985e-07
6.390651085141902985e-07
6.390651085141902985e-07
6.390651085141902985e-07
6.390651085141902985e-07
6.390651085141902985e-07
6.390651085141902985e-07
6.390651085141902985e-07
8.614357262103505976e-07
8.614357262103505976e-07
8.614357262103505976e-07
8.614357262103505976e-07
8.614357262103505976e-07
8.614357262103505976e-07
8.614357262103505976e-07
8.614357262103505976e-07
8.614357262103505976e-07
8.614357262103505976e-07
8.614357262103505976e-07
8.614357262103505976e-07
8.614357262103505976e-07
8.614357262103505976e-07
1.923205342237061617e-07
1.923205342237061617e-07
1.923205342237061617e-07
1.923205342237061617e-07
1.923205342237061617e-07
1.923205342237061617e-07
1.923205342237061617e-07
4.006677796327211978e-09
4.006677796327211978e-09
4.006677796327211978e-09
4.006677796327211978e-09
4.006677796327211978e-09
4.006677796327211978e-09
4.006677796327211978e-09
1.963272120200333977e-07
1.963272120200333977e-07
1.963272120200333977e-07
1.963272120200333977e-07
1.963272120200333977e-07
1.963272120200333977e-07
1.963272120200333977e-07
1.073789649415692886e-06
1.073789649415692886e-06
1.073789649415692886e-06
1.073789649415692886e-06
1.073789649415692886e-06
1.073789649415692886e-06
1.923205342237061617e-07
1.923205342237061617e-07
1.923205342237061617e-07
1.923205342237061617e-07
1.923205342237061617e-07
1.923205342237061617e-07
1.923205342237061617e-07
1.923205342237061617e-07
1.923205342237061617e-07
1.923205342237061617e-07
1.923205342237061617e-07
1.923205342237061617e-07
1.923205342237061617e-07
1.923205342237061617e-07
1.923205342237061617e-07
1.193989983305509224e-06
1.193989983305509224e-06
1.193989983305509224e-06
1.193989983305509224e-06
1.193989983305509224e-06
1.193989983305509224e-06
1.193989983305509224e-06
1.193989983305509224e-06
1.193989983305509224e-06
1.193989983305509224e-06
1.193989983305509224e-06
1.193989983305509224e-06
1.193989983305509224e-06
1.193989983305509224e-06
1.193989983305509224e-06
3.005008347245409108e-08
3.005008347245409108e-08
3.005008347245409108e-08
3.005008347245409108e-08
3.005008347245409108e-08
3.005008347245409108e-08
3.005008347245409108e-08
3.005008347245409108e-08
3.005008347245409108e-08
3.005008347245409108e-08
3.005008347245409108e-08
3.005008347245409108e-08
3.005008347245409108e-08
5.228714524207011437e-07
5.228714524207011437e-07
5.228714524207011437e-07
5.228714524207011437e-07
5.228714524207011437e-07
5.228714524207011437e-07
5.228714524207011437e-07
5.228714524207011437e-07
5.228714524207011437e-07
5.228714524207011437e-07
5.228714524207011437e-07
5.228714524207011437e-07
5.228714524207011437e-07
2.103505843071786177e-07
2.103505843071786177e-07
2.103505843071786177e-07
2.103505843071786177e-07
2.103505843071786177e-07
2.103505843071786177e-07
2.103505843071786177e-07
2.103505843071786177e-07
2.103505843071786177e-07
2.103505843071786177e-07
2.103505843071786177e-07
