7.772954924874791188e-07
7.772954924874791188e-07
7.772954924874791188e-07
7.772954924874791188e-07
7.772954924874791188e-07
7.772954924874791188e-07
7.772954924874791188e-07
7.772954924874791188e-07
7.772954924874791188e-07
7.772954924874791188e-07
7.772954924874791188e-07
7.772954924874791188e-07
7.772954924874791188e-07
7.772954924874791188e-07
7.772954924874791188e-07
2.163606010016694452e-07
2.163606010016694452e-07
2.163606010016694452e-07
2.163606010016694452e-07
2.163606010016694452e-07
2.163606010016694452e-07
2.163606010016694452e-07
5.409015025041736262e-07
5.409015025041736262e-07
5.409015025041736262e-07
5.409015025041736262e-07
5.409015025041736262e-07
5.409015025041736262e-07
5.409015025041736262e-07
5.409015025041736262e-07
5.409015025041736262e-07
5.409015025041736262e-07
5.409015025041736262e-07
5.409015025041736262e-07
5.409015025041736262e-07
5.409015025041736262e-07
1.362270450751252023e-07
1.362270450751252023e-07
1.362270450751252023e-07
1.362270450751252023e-07
1.362270450751252023e-07
1.362270450751252023e-07
1.362270450751252023e-07
1.362270450751252023e-07
1.362270450751252023e-07
1.362270450751252023e-07
1.362270450751252023e-07
1.362270450751252023e-07
1.362270450751252023e-07
1.362270450751252023e-07
1.362270450751252023e-07
2.864774624373956511e-07
3.105175292153589080e-07
2.864774624373956511e-07
3.105175292153589080e-07
2.864774624373956511e-07
3.105175292153589080e-07
2.864774624373956511e-07
3.105175292153589080e-07
2.864774624373956511e-07
3.105175292153589080e-07
2.864774624373956511e-07
3.105175292153589080e-07
2.864774624373956511e-07
3.105175292153589080e-07
2.864774624373956511e-07
3.105175292153589080e-07
2.864774624373956511e-07
3.105175292153589080e-07
2.864774624373956511e-07
3.105175292153589080e-07
2.864774624373956511e-07
3.105175292153589080e-07
2.864774624373956511e-07
3.105175292153589080e-07
9.215358931552587136e-08
9.215358931552587136e-08
9.215358931552587136e-08
9.215358931552587136e-08
9.395659432387312490e-07
9.395659432387312490e-07
9.395659432387312490e-07
8.353923205342237492e-07
8.353923205342237492e-07
8.353923205342237492e-07
8.353923205342237492e-07
8.353923205342237492e-07
8.353923205342237492e-07
8.353923205342237492e-07
8.353923205342237492e-07
8.353923205342237492e-07
8.353923205342237492e-07
8.353923205342237492e-07
8.353923205342237492e-07
3.806343906510851404e-07
3.806343906510851404e-07
3.806343906510851404e-07
3.806343906510851404e-07
3.806343906510851404e-07
3.806343906510851404e-07
3.806343906510851404e-07
3.806343906510851404e-07
3.806343906510851404e-07
3.806343906510851404e-07
3.806343906510851404e-07
3.806343906510851404e-07
3.806343906510851404e-07
