3.485809682804674644e-07
3.485809682804674644e-07
3.485809682804674644e-07
3.485809682804674644e-07
8.814691151919866187e-08
8.814691151919866187e-08
8.814691151919866187e-08
8.814691151919866187e-08
8.814691151919866187e-08
8.814691151919866187e-08
8.814691151919866187e-08
1.097829716193655984e-06
1.097829716193655984e-06
1.097829716193655984e-06
1.097829716193655984e-06
1.097829716193655984e-06
1.097829716193655984e-06
1.097829716193655984e-06
1.097829716193655984e-06
8.414023372287145237e-08
8.414023372287145237e-08
8.414023372287145237e-08
8.414023372287145237e-08
8.414023372287145237e-08
8.414023372287145237e-08
8.414023372287145237e-08
8.414023372287145237e-08
4.948247078464106508e-07
4.948247078464106508e-07
4.948247078464106508e-07
4.948247078464106508e-07
4.948247078464106508e-07
4.948247078464106508e-07
4.948247078464106508e-07
4.948247078464106508e-07
4.948247078464106508e-07
4.948247078464106508e-07
5.669449081803004746e-07
5.669449081803004746e-07
5.669449081803004746e-07
5.669449081803004746e-07
5.669449081803004746e-07
5.669449081803004746e-07
5.669449081803004746e-07
5.669449081803004746e-07
5.669449081803004746e-07
5.669449081803004746e-07
5.669449081803004746e-07
5.669449081803004746e-07
5.669449081803004746e-07
5.669449081803004746e-07
5.669449081803004746e-07
1.191986644407345580e-06
1.191986644407345580e-06
1.191986644407345580e-06
1.191986644407345580e-06
1.191986644407345580e-06
1.191986644407345580e-06
1.191986644407345580e-06
1.191986644407345580e-06
1.191986644407345580e-06
1.191986644407345580e-06
1.191986644407345580e-06
1.191986644407345580e-06
1.191986644407345580e-06
1.191986644407345580e-06
1.191986644407345580e-06
1.191986644407345580e-06
1.191986644407345580e-06
1.191986644407345580e-06
1.191986644407345580e-06
1.191986644407345580e-06
1.191986644407345580e-06
1.191986644407345580e-06
1.191986644407345580e-06
1.191986644407345580e-06
1.191986644407345580e-06
1.191986644407345580e-06
1.191986644407345580e-06
1.191986644407345580e-06
1.191986644407345580e-06
1.191986644407345580e-06
1.191986644407345580e-06
1.191986644407345580e-06
1.191986644407345580e-06
1.191986644407345580e-06
1.191986644407345580e-06
1.191986644407345580e-06
1.191986644407345580e-06
1.191986644407345580e-06
1.191986644407345580e-06
1.191986644407345580e-06
1.191986644407345580e-06
1.191986644407345580e-06
1.191986644407345580e-06
1.191986644407345580e-06
1.191986644407345580e-06
1.191986644407345580e-06
1.191986644407345580e-06
1.191986644407345580e-06
1.191986644407345580e-06
1.191986644407345580e-06
1.191986644407345580e-06
1.191986644407345580e-06
1.191986644407345580e-06
1.191986644407345580e-06
1.191986644407345580e-06
1.191986644407345580e-06
1.191986644407345580e-06
1.191986644407345580e-06
1.191986644407345580e-06
1.191986644407345580e-06
1.191986644407345580e-06
1.191986644407345580e-06
1.191986644407345580e-06
1.191986644407345580e-06
1.191986644407345580e-06
1.191986644407345580e-06
1.191986644407345580e-06
1.191986644407345580e-06
1.191986644407345580e-06
1.191986644407345580e-06
1.191986644407345580e-06
1.191986644407345580e-06
1.191986644407345580e-06
1.191986644407345580e-06
1.191986644407345580e-06
1.191986644407345580e-06
1.191986644407345580e-06
1.191986644407345580e-06
1.191986644407345580e-06
1.191986644407345580e-06
1.191986644407345580e-06
1.191986644407345580e-06
1.191986644407345580e-06
1.191986644407345580e-06
1.191986644407345580e-06
1.191986644407345580e-06
1.191986644407345580e-06
1.191986644407345580e-06
1.191986644407345580e-06
1.191986644407345580e-06
1.191986644407345580e-06
1.191986644407345580e-06
1.191986644407345580e-06
1.191986644407345580e-06
1.191986644407345580e-06
1.191986644407345580e-06
1.191986644407345580e-06
1.191986644407345580e-06
1.191986644407345580e-06
1.191986644407345580e-06
1.191986644407345580e-06
1.191986644407345580e-06
1.191986644407345580e-06
1.191986644407345580e-06
1.191986644407345580e-06
1.191986644407345580e-06
1.191986644407345580e-06
1.191986644407345580e-06
1.191986644407345580e-06
1.191986644407345580e-06
1.191986644407345580e-06
1.191986644407345580e-06
1.191986644407345580e-06
1.191986644407345580e-06
1.191986644407345580e-06
1.191986644407345580e-06
1.191986644407345580e-06
1.191986644407345580e-06
1.191986644407345580e-06
1.191986644407345580e-06
1.191986644407345580e-06
1.191986644407345580e-06
1.191986644407345580e-06
1.191986644407345580e-06
1.191986644407345580e-06
1.191986644407345580e-06
1.191986644407345580e-06
1.191986644407345580e-06
1.191986644407345580e-06
1.191986644407345580e-06
1.191986644407345580e-06
1.191986644407345580e-06
1.191986644407345580e-06
1.191986644407345580e-06
1.191986644407345580e-06
1.191986644407345580e-06
1.191986644407345580e-06
1.191986644407345580e-06
1.191986644407345580e-06
1.191986644407345580e-06
1.191986644407345580e-06
1.191986644407345580e-06
1.191986644407345580e-06
1.191986644407345580e-06
1.191986644407345580e-06
1.191986644407345580e-06
1.191986644407345580e-06
1.191986644407345580e-06
1.191986644407345580e-06
1.191986644407345580e-06
1.191986644407345580e-06
1.191986644407345580e-06
1.191986644407345580e-06
1.191986644407345580e-06
1.191986644407345580e-06
1.191986644407345580e-06
1.191986644407345580e-06
1.191986644407345580e-06
1.191986644407345580e-06
1.191986644407345580e-06
1.191986644407345580e-06
1.191986644407345580e-06
1.191986644407345580e-06
1.191986644407345580e-06
1.191986644407345580e-06
1.191986644407345580e-06
1.191986644407345580e-06
1.191986644407345580e-06
1.191986644407345580e-06
1.191986644407345580e-06
1.191986644407345580e-06
1.191986644407345580e-06
1.191986644407345580e-06
1.191986644407345580e-06
1.191986644407345580e-06
1.191986644407345580e-06
1.191986644407345580e-06
1.191986644407345580e-06
1.191986644407345580e-06
1.191986644407345580e-06
1.191986644407345580e-06
1.191986644407345580e-06
1.191986644407345580e-06
1.191986644407345580e-06
1.191986644407345580e-06
1.191986644407345580e-06
1.191986644407345580e-06
1.191986644407345580e-06
1.191986644407345580e-06
1.191986644407345580e-06
1.191986644407345580e-06
1.191986644407345580e-06
1.191986644407345580e-06
1.191986644407345580e-06
1.191986644407345580e-06
1.191986644407345580e-06
1.191986644407345580e-06
1.191986644407345580e-06
1.191986644407345580e-06
1.191986644407345580e-06
1.191986644407345580e-06
1.191986644407345580e-06
1.191986644407345580e-06
1.191986644407345580e-06
1.191986644407345580e-06
1.191986644407345580e-06
1.191986644407345580e-06
1.191986644407345580e-06
1.191986644407345580e-06
1.191986644407345580e-06
1.191986644407345580e-06
1.191986644407345580e-06
1.191986644407345580e-06
1.191986644407345580e-06
1.191986644407345580e-06
1.001669449081802956e-06
1.001669449081802956e-06
1.001669449081802956e-06
1.001669449081802956e-06
1.001669449081802956e-06
1.001669449081802956e-06
4.487479131886477283e-07
4.487479131886477283e-07
4.487479131886477283e-07
4.487479131886477283e-07
4.487479131886477283e-07
4.487479131886477283e-07
4.487479131886477283e-07
4.487479131886477283e-07
4.487479131886477283e-07
4.487479131886477283e-07
4.487479131886477283e-07
4.487479131886477283e-07
4.487479131886477283e-07
1.123873121869782939e-06
1.123873121869782939e-06
1.123873121869782939e-06
1.123873121869782939e-06
1.123873121869782939e-06
1.123873121869782939e-06
1.123873121869782939e-06
1.123873121869782939e-06
1.123873121869782939e-06
1.123873121869782939e-06
7.332220367278797879e-07
7.332220367278797879e-07
7.332220367278797879e-07
7.332220367278797879e-07
7.332220367278797879e-07
7.332220367278797879e-07
7.332220367278797879e-07
7.332220367278797879e-07
7.332220367278797879e-07
7.332220367278797879e-07
7.332220367278797879e-07
7.332220367278797879e-07
9.375626043405676046e-07
9.375626043405676046e-07
9.375626043405676046e-07
9.375626043405676046e-07
9.375626043405676046e-07
9.375626043405676046e-07
9.375626043405676046e-07
9.375626043405676046e-07
6.010016694490817554e-09
6.010016694490817554e-09
6.010016694490817554e-09
6.010016694490817554e-09
6.010016694490817554e-09
6.010016694490817554e-09
6.010016694490817554e-09
6.010016694490817554e-09
1.053756260434056653e-06
1.053756260434056653e-06
1.053756260434056653e-06
1.053756260434056653e-06
1.053756260434056653e-06
1.053756260434056653e-06
1.053756260434056653e-06
1.053756260434056653e-06
1.053756260434056653e-06
1.053756260434056653e-06
1.053756260434056653e-06
1.053756260434056653e-06
1.053756260434056653e-06
1.053756260434056653e-06
1.053756260434056653e-06
1.081803005008347226e-07
1.081803005008347226e-07
1.081803005008347226e-07
1.081803005008347226e-07
1.081803005008347226e-07
1.081803005008347226e-07
1.081803005008347226e-07
1.081803005008347226e-07
1.081803005008347226e-07
1.081803005008347226e-07
1.171953255425709559e-06
1.171953255425709559e-06
1.171953255425709559e-06
1.171953255425709559e-06
1.171953255425709559e-06
1.171953255425709559e-06
1.171953255425709559e-06
1.171953255425709559e-06
1.171953255425709559e-06
8.814691151919866187e-08
8.814691151919866187e-08
8.814691151919866187e-08
8.814691151919866187e-08
8.814691151919866187e-08
8.814691151919866187e-08
8.814691151919866187e-08
8.814691151919866187e-08
8.814691151919866187e-08
8.814691151919866187e-08
8.814691151919866187e-08
3.866444073455759679e-07
3.866444073455759679e-07
3.866444073455759679e-07
3.866444073455759679e-07
3.866444073455759679e-07
3.866444073455759679e-07
3.866444073455759679e-07
8.554257095158597702e-07
8.554257095158597702e-07
8.554257095158597702e-07
8.554257095158597702e-07
8.554257095158597702e-07
8.554257095158597702e-07
8.554257095158597702e-07
8.554257095158597702e-07
8.554257095158597702e-07
8.554257095158597702e-07
7.953255425709516012e-07
5.549248747913188197e-07
5.549248747913188197e-07
5.549248747913188197e-07
5.549248747913188197e-07
5.549248747913188197e-07
5.549248747913188197e-07
5.549248747913188197e-07
1.045742904841402287e-06
1.045742904841402287e-06
1.045742904841402287e-06
1.045742904841402287e-06
1.045742904841402287e-06
1.045742904841402287e-06
1.045742904841402287e-06
1.045742904841402287e-06
4.707846410684473938e-07
4.707846410684473938e-07
4.707846410684473938e-07
4.707846410684473938e-07
4.707846410684473938e-07
4.707846410684473938e-07
6.811352253756259850e-07
6.811352253756259850e-07
6.811352253756259850e-07
6.811352253756259850e-07
6.811352253756259850e-07
6.811352253756259850e-07
9.595993322203672700e-07
9.595993322203672700e-07
9.595993322203672700e-07
9.716193656093489250e-07
9.716193656093489250e-07
9.716193656093489250e-07
9.716193656093489250e-07
9.716193656093489250e-07
9.716193656093489250e-07
9.716193656093489250e-07
9.716193656093489250e-07
1.181969949916527569e-06
1.181969949916527569e-06
1.181969949916527569e-06
1.181969949916527569e-06
1.041736227045075131e-07
1.041736227045075131e-07
1.041736227045075131e-07
1.041736227045075131e-07
1.041736227045075131e-07
1.041736227045075131e-07
1.041736227045075131e-07
1.041736227045075131e-07
1.041736227045075131e-07
1.033722871452420632e-06
1.033722871452420632e-06
1.033722871452420632e-06
1.033722871452420632e-06
1.033722871452420632e-06
1.033722871452420632e-06
1.033722871452420632e-06
4.727879799666110382e-07
4.727879799666110382e-07
4.727879799666110382e-07
4.727879799666110382e-07
4.727879799666110382e-07
4.727879799666110382e-07
4.727879799666110382e-07
1.117863105175292217e-06
1.117863105175292217e-06
1.117863105175292217e-06
1.117863105175292217e-06
1.117863105175292217e-06
1.117863105175292217e-06
1.117863105175292217e-06
1.117863105175292217e-06
1.117863105175292217e-06
3.405676126878130057e-08
3.405676126878130057e-08
3.405676126878130057e-08
3.405676126878130057e-08
3.405676126878130057e-08
3.405676126878130057e-08
3.405676126878130057e-08
3.405676126878130057e-08
3.405676126878130057e-08
3.405676126878130057e-08
3.405676126878130057e-08
3.405676126878130057e-08
3.405676126878130057e-08
3.025041736227044891e-07
5.769616026711184852e-07
3.025041736227044891e-07
5.769616026711184852e-07
3.025041736227044891e-07
5.769616026711184852e-07
3.025041736227044891e-07
5.769616026711184852e-07
3.025041736227044891e-07
5.769616026711184852e-07
3.025041736227044891e-07
5.769616026711184852e-07
3.025041736227044891e-07
5.769616026711184852e-07
3.025041736227044891e-07
5.769616026711184852e-07
3.025041736227044891e-07
5.769616026711184852e-07
3.025041736227044891e-07
5.769616026711184852e-07
7.011686143572620590e-08
7.011686143572620590e-08
7.011686143572620590e-08
7.011686143572620590e-08
7.011686143572620590e-08
7.011686143572620590e-08
7.011686143572620590e-08
7.011686143572620590e-08
7.011686143572620590e-08
7.011686143572620590e-08
7.011686143572620590e-08
9.355592654424039601e-07
9.355592654424039601e-07
9.355592654424039601e-07
9.355592654424039601e-07
9.355592654424039601e-07
9.355592654424039601e-07
9.355592654424039601e-07
9.355592654424039601e-07
6.270450751252086436e-07
6.270450751252086436e-07
6.270450751252086436e-07
6.270450751252086436e-07
6.270450751252086436e-07
6.270450751252086436e-07
6.270450751252086436e-07
6.270450751252086436e-07
6.270450751252086436e-07
6.270450751252086436e-07
6.270450751252086436e-07
6.270450751252086436e-07
6.270450751252086436e-07
6.270450751252086436e-07
6.270450751252086436e-07
6.270450751252086436e-07
7.933222036727879568e-07
7.933222036727879568e-07
7.933222036727879568e-07
7.933222036727879568e-07
7.933222036727879568e-07
7.933222036727879568e-07
7.933222036727879568e-07
5.589315525876461086e-07
5.589315525876461086e-07
5.589315525876461086e-07
5.589315525876461086e-07
5.589315525876461086e-07
5.589315525876461086e-07
5.589315525876461086e-07
5.589315525876461086e-07
5.589315525876461086e-07
5.589315525876461086e-07
5.589315525876461086e-07
5.589315525876461086e-07
5.589315525876461086e-07
5.589315525876461086e-07
7.552587646076794533e-07
7.552587646076794533e-07
7.552587646076794533e-07
7.552587646076794533e-07
7.552587646076794533e-07
7.552587646076794533e-07
7.552587646076794533e-07
7.552587646076794533e-07
7.552587646076794533e-07
7.552587646076794533e-07
7.552587646076794533e-07
7.552587646076794533e-07
3.145242070116861440e-07
3.145242070116861440e-07
3.145242070116861440e-07
3.145242070116861440e-07
3.145242070116861440e-07
3.145242070116861440e-07
3.145242070116861440e-07
3.145242070116861440e-07
1.043739565943238643e-06
1.043739565943238643e-06
1.043739565943238643e-06
1.043739565943238643e-06
1.043739565943238643e-06
5.048414023372286613e-07
5.048414023372286613e-07
5.048414023372286613e-07
5.048414023372286613e-07
5.048414023372286613e-07
5.048414023372286613e-07
5.048414023372286613e-07
5.048414023372286613e-07
5.048414023372286613e-07
5.048414023372286613e-07
5.048414023372286613e-07
5.048414023372286613e-07
5.048414023372286613e-07
1.141903171953255368e-07
1.141903171953255368e-07
1.141903171953255368e-07
1.141903171953255368e-07
1.141903171953255368e-07
1.141903171953255368e-07
1.141903171953255368e-07
1.141903171953255368e-07
1.141903171953255368e-07
1.141903171953255368e-07
1.141903171953255368e-07
1.141903171953255368e-07
1.141903171953255368e-07
