1.562604340567612762e-07
1.562604340567612762e-07
1.562604340567612762e-07
1.562604340567612762e-07
1.562604340567612762e-07
1.562604340567612762e-07
1.059766277128547587e-06
1.059766277128547587e-06
1.097829716193655984e-06
1.097829716193655984e-06
1.097829716193655984e-06
1.097829716193655984e-06
1.097829716193655984e-06
1.097829716193655984e-06
1.097829716193655984e-06
1.097829716193655984e-06
1.097829716193655984e-06
1.097829716193655984e-06
7.412353923205342598e-07
7.412353923205342598e-07
7.412353923205342598e-07
7.412353923205342598e-07
7.412353923205342598e-07
7.412353923205342598e-07
7.412353923205342598e-07
7.412353923205342598e-07
2.804674457429048302e-08
2.804674457429048302e-08
2.804674457429048302e-08
2.804674457429048302e-08
2.804674457429048302e-08
2.804674457429048302e-08
2.804674457429048302e-08
2.804674457429048302e-08
2.804674457429048302e-08
2.804674457429048302e-08
2.804674457429048302e-08
2.804674457429048302e-08
2.804674457429048302e-08
8.153589315525876223e-07
8.153589315525876223e-07
8.153589315525876223e-07
8.153589315525876223e-07
8.153589315525876223e-07
8.153589315525876223e-07
8.153589315525876223e-07
8.153589315525876223e-07
8.153589315525876223e-07
8.153589315525876223e-07
8.153589315525876223e-07
8.153589315525876223e-07
