2.162567069999999925e-01
2.161709960000000041e-01
2.168109410000000070e-01
2.165727010000000063e-01
2.163866160000000038e-01
2.163490050000000109e-01
2.160249200000000092e-01
2.159486409999999967e-01
2.158236799999999900e-01
2.157319030000000026e-01
2.157782460000000069e-01
2.155268489999999926e-01
2.151001090000000115e-01
2.151841959999999943e-01
2.150596670000000099e-01
2.150046670000000104e-01
2.143242350000000018e-01
2.143476749999999875e-01
2.142301490000000086e-01
2.145960919999999883e-01
2.144055209999999878e-01
2.140976039999999969e-01
2.136141209999999901e-01
2.137480820000000059e-01
2.135102000000000111e-01
2.131798709999999930e-01
2.131344520000000020e-01
2.131929090000000138e-01
2.130645810000000029e-01
2.128261919999999974e-01
2.127518800000000043e-01
2.126966409999999919e-01
2.127397950000000093e-01
2.129565770000000080e-01
2.128220490000000131e-01
2.127106330000000101e-01
2.130037240000000054e-01
2.129705540000000064e-01
2.124654940000000047e-01
2.125747349999999869e-01
2.127888940000000062e-01
2.129535820000000024e-01
2.123567749999999976e-01
2.122327830000000082e-01
2.124646299999999877e-01
2.127432670000000137e-01
2.126970880000000064e-01
2.123279859999999963e-01
2.110449960000000125e-01
2.095927290000000054e-01
2.073917680000000041e-01
2.038825599999999905e-01
2.008619449999999862e-01
1.989605570000000101e-01
1.978815790000000019e-01
1.963032779999999977e-01
1.937607670000000004e-01
1.900453259999999867e-01
1.890218999999999927e-01
1.882733400000000112e-01
1.856486639999999910e-01
1.844617869999999882e-01
1.840031589999999995e-01
1.814744909999999878e-01
1.790159789999999917e-01
1.774277830000000056e-01
1.761399499999999896e-01
1.724262980000000056e-01
1.718259749999999919e-01
1.727487590000000017e-01
1.719290460000000020e-01
1.688439690000000104e-01
1.677450679999999972e-01
1.682040089999999877e-01
1.692549730000000030e-01
1.672496340000000081e-01
1.648886499999999977e-01
1.643439529999999871e-01
1.643399889999999919e-01
1.645241819999999910e-01
1.619634470000000104e-01
1.602597829999999890e-01
1.601105180000000072e-01
1.606674929999999946e-01
1.607790289999999900e-01
1.585368960000000105e-01
1.574735190000000062e-01
1.559527059999999965e-01
1.536439350000000092e-01
1.515769060000000112e-01
1.524105219999999927e-01
1.531624339999999862e-01
1.530340460000000069e-01
1.530172670000000124e-01
1.534040120000000063e-01
1.543953710000000035e-01
1.550081520000000102e-01
1.552439180000000085e-01
1.541008650000000035e-01
1.532826270000000046e-01
1.525750899999999965e-01
1.543090340000000116e-01
1.551717069999999921e-01
1.557155249999999935e-01
1.559073470000000017e-01
1.570015989999999917e-01
1.586201329999999965e-01
1.594814059999999922e-01
1.603917770000000131e-01
1.604675650000000064e-01
1.607871050000000135e-01
1.615930489999999886e-01
1.626820409999999995e-01
1.629476240000000131e-01
1.626388280000000131e-01
1.623191830000000058e-01
1.636432110000000106e-01
1.642130159999999894e-01
1.648859380000000097e-01
1.653399020000000108e-01
1.649171110000000051e-01
1.653768559999999888e-01
1.661934999999999940e-01
1.667237430000000076e-01
1.658926450000000052e-01
1.648481479999999999e-01
1.648136070000000009e-01
1.656004480000000112e-01
1.656776960000000132e-01
1.647099099999999872e-01
1.639024010000000031e-01
1.645362370000000019e-01
1.663270890000000113e-01
1.678080550000000115e-01
1.691723760000000132e-01
1.703129850000000001e-01
1.708935940000000098e-01
1.722592410000000074e-01
1.724997899999999862e-01
1.725929370000000018e-01
1.729497010000000112e-01
1.732991630000000061e-01
1.742405439999999972e-01
1.746123579999999953e-01
1.752867539999999891e-01
1.756269179999999930e-01
1.755178709999999920e-01
1.760999109999999979e-01
1.776311540000000133e-01
1.785485440000000035e-01
1.792013490000000098e-01
1.799165299999999912e-01
1.815197020000000050e-01
1.843244280000000124e-01
1.861176190000000119e-01
1.876409790000000133e-01
1.890223920000000113e-01
1.907133159999999938e-01
1.923543510000000067e-01
1.945746240000000016e-01
1.963559529999999997e-01
1.973934019999999956e-01
1.987705230000000045e-01
2.000943860000000130e-01
2.015416919999999945e-01
2.024185059999999980e-01
2.029042090000000020e-01
2.034702889999999986e-01
2.042237660000000010e-01
2.047904720000000012e-01
2.055365889999999918e-01
2.061013570000000128e-01
2.061677269999999951e-01
2.066171159999999896e-01
2.072206279999999901e-01
2.077639840000000127e-01
2.082690590000000064e-01
2.082313739999999969e-01
2.085194730000000107e-01
2.087677119999999942e-01
2.092471559999999897e-01
2.095796460000000083e-01
2.095653710000000003e-01
2.098888449999999906e-01
2.101052399999999987e-01
2.105226659999999972e-01
2.106096590000000046e-01
2.107988140000000010e-01
2.107377049999999974e-01
2.109687319999999922e-01
2.108605950000000118e-01
2.111005629999999911e-01
2.109155199999999952e-01
2.107199130000000087e-01
2.105420379999999869e-01
2.108274539999999975e-01
2.107331299999999907e-01
2.110128840000000117e-01
4.540910299999999884e-04
2.107524269999999922e-01
2.112461320000000031e-01
2.114305039999999913e-01
2.117626360000000041e-01
2.119141370000000024e-01
2.121079409999999943e-01
2.125108539999999990e-01
2.127029589999999970e-01
2.129421380000000030e-01
2.131507240000000136e-01
2.131543009999999905e-01
2.135607740000000088e-01
2.139757720000000085e-01
2.139941150000000125e-01
2.141500859999999895e-01
2.144494200000000017e-01
2.147745490000000090e-01
2.152164129999999953e-01
2.152811729999999923e-01
2.153220919999999927e-01
2.157899879999999881e-01
2.157142310000000063e-01
2.158685170000000098e-01
2.159643470000000010e-01
2.160952979999999912e-01
2.155553839999999888e-01
4.624314600000000233e-04
4.369663940000000015e-04
4.378007139999999823e-04
4.354359400000000057e-04
4.368306250000000271e-04
4.346594789999999836e-04
0.000000000000000000e+00
0.000000000000000000e+00
0.000000000000000000e+00
0.000000000000000000e+00
0.000000000000000000e+00
0.000000000000000000e+00
0.000000000000000000e+00
0.000000000000000000e+00
0.000000000000000000e+00
0.000000000000000000e+00
0.000000000000000000e+00
0.000000000000000000e+00
0.000000000000000000e+00
0.000000000000000000e+00
0.000000000000000000e+00
0.000000000000000000e+00
0.000000000000000000e+00
0.000000000000000000e+00
0.000000000000000000e+00
0.000000000000000000e+00
0.000000000000000000e+00
0.000000000000000000e+00
0.000000000000000000e+00
0.000000000000000000e+00
0.000000000000000000e+00
0.000000000000000000e+00
0.000000000000000000e+00
0.000000000000000000e+00
0.000000000000000000e+00
0.000000000000000000e+00
0.000000000000000000e+00
0.000000000000000000e+00
0.000000000000000000e+00
0.000000000000000000e+00
0.000000000000000000e+00
0.000000000000000000e+00
0.000000000000000000e+00
0.000000000000000000e+00
0.000000000000000000e+00
0.000000000000000000e+00
0.000000000000000000e+00
0.000000000000000000e+00
0.000000000000000000e+00
0.000000000000000000e+00
0.000000000000000000e+00
0.000000000000000000e+00
0.000000000000000000e+00
0.000000000000000000e+00
0.000000000000000000e+00
0.000000000000000000e+00
0.000000000000000000e+00
0.000000000000000000e+00
0.000000000000000000e+00
0.000000000000000000e+00
0.000000000000000000e+00
0.000000000000000000e+00
0.000000000000000000e+00
0.000000000000000000e+00
0.000000000000000000e+00
0.000000000000000000e+00
0.000000000000000000e+00
0.000000000000000000e+00
0.000000000000000000e+00
0.000000000000000000e+00
0.000000000000000000e+00
0.000000000000000000e+00
0.000000000000000000e+00
0.000000000000000000e+00
0.000000000000000000e+00
