5.815306879999999623e-01
5.830402559999999790e-01
5.820874879999999862e-01
5.820210559999999811e-01
5.822271359999999785e-01
5.814591999999999539e-01
5.820724480000000201e-01
5.808564480000000252e-01
5.819352960000000463e-01
5.819558400000000020e-01
5.829408640000000030e-01
5.823465599999999576e-01
5.831176959999999632e-01
5.811278079999999679e-01
5.844972800000000079e-01
5.832954879999999731e-01
5.833000320000000238e-01
5.834126080000000547e-01
5.819896319999999790e-01
5.820826239999999929e-01
5.811415680000000528e-01
5.771153919999999493e-01
5.806492159999999680e-01
5.818848639999999461e-01
5.816796159999999549e-01
5.813225600000000437e-01
5.808554879999999754e-01
5.815720319999999610e-01
5.814484479999999511e-01
5.798171519999999468e-01
5.809718400000000171e-01
5.815153280000000535e-01
5.822028160000000119e-01
5.802705919999999740e-01
5.809340160000000530e-01
5.807706879999999794e-01
5.804745599999999728e-01
5.804636800000000374e-01
5.800596479999999833e-01
5.807400320000000171e-01
5.803287679999999948e-01
5.805321599999999638e-01
5.805394560000000093e-01
5.815025280000000185e-01
5.814939519999999806e-01
5.811508480000000532e-01
5.804155519999999457e-01
5.818596480000000071e-01
5.814795520000000106e-01
5.823506560000000221e-01
5.820698880000000353e-01
5.808436479999999902e-01
5.813675520000000096e-01
5.800220160000000291e-01
5.811626239999999610e-01
5.815656959999999653e-01
5.809457919999999609e-01
5.800602240000000132e-01
5.820102400000000120e-01
5.804894080000000400e-01
5.819707520000000356e-01
5.826629760000000546e-01
5.818817280000000425e-01
5.827605759999999746e-01
5.829240959999999472e-01
5.829898879999999561e-01
5.841810560000000319e-01
5.831522559999999800e-01
5.829653120000000133e-01
5.840895360000000203e-01
5.837107839999999825e-01
5.846198400000000017e-01
5.828679039999999922e-01
5.830524799999999841e-01
5.830977920000000037e-01
5.834682879999999461e-01
5.842729599999999524e-01
5.834963199999999572e-01
5.832032000000000327e-01
5.828014719999999871e-01
5.830700159999999688e-01
5.825493760000000076e-01
5.833100799999999531e-01
5.831443200000000493e-01
5.808755199999999785e-01
5.823600639999999551e-01
5.836196479999999909e-01
5.828735999999999917e-01
5.831635840000000126e-01
5.845371520000000043e-01
5.842483200000000432e-01
5.828233600000000125e-01
5.844216319999999687e-01
5.829224960000000122e-01
5.835912319999999598e-01
5.824141440000000225e-01
5.833865599999999985e-01
5.834574080000000107e-01
5.824860160000000509e-01
5.816436480000000131e-01
5.837426559999999709e-01
5.807030399999999482e-01
5.810598399999999941e-01
5.825146879999999472e-01
5.816904960000000013e-01
5.829020799999999891e-01
5.826254079999999558e-01
5.832896640000000410e-01
5.809326080000000170e-01
5.820336000000000398e-01
5.808309120000000325e-01
5.797889280000000367e-01
5.801372160000000111e-01
5.795136640000000394e-01
5.816175999999999569e-01
5.798572159999999531e-01
5.800567679999999449e-01
5.802963199999999766e-01
5.806517759999999528e-01
5.801461119999999916e-01
5.801788159999999861e-01
5.771303039999999829e-01
5.813450879999999543e-01
5.809590399999999821e-01
5.834879360000000403e-01
5.829722240000000388e-01
5.821069439999999595e-01
5.811392640000000442e-01
5.829054719999999801e-01
5.829424640000000490e-01
5.817400320000000180e-01
5.819247360000000535e-01
5.818661760000000127e-01
5.806028800000000434e-01
5.811931519999999907e-01
5.823596159999999688e-01
5.835882239999999888e-01
5.828752000000000377e-01
5.828805759999999836e-01
5.835312000000000277e-01
5.832572799999999891e-01
5.844478720000000349e-01
5.838770559999999499e-01
5.839616640000000469e-01
5.830286719999999701e-01
5.836391680000000415e-01
5.838698879999999480e-01
5.823646719999999721e-01
5.852697599999999722e-01
5.831786239999999788e-01
5.837820160000000147e-01
5.836288640000000250e-01
5.831978239999999758e-01
5.847121920000000195e-01
5.838734079999999826e-01
5.823964160000000279e-01
5.835420159999999967e-01
5.839404799999999840e-01
5.842055040000000421e-01
5.836630400000000218e-01
5.823498879999999822e-01
5.844013439999999893e-01
5.856567679999999942e-01
5.842695679999999614e-01
5.839489279999999782e-01
5.870817919999999912e-01
5.833892480000000269e-01
5.832367999999999997e-01
5.848980480000000037e-01
5.820946559999999881e-01
5.824899199999999944e-01
5.844636800000000409e-01
5.835464959999999701e-01
5.830950400000000089e-01
5.832051200000000213e-01
5.843342080000000216e-01
5.842981760000000024e-01
5.840063359999999593e-01
5.840508159999999727e-01
5.820917759999999497e-01
5.833884799999999871e-01
5.828052479999999980e-01
5.843761280000000502e-01
5.845671679999999704e-01
5.833422080000000287e-01
5.842566399999999938e-01
5.816022400000000481e-01
5.817875200000000024e-01
5.827118719999999641e-01
5.835738879999999851e-01
5.835791999999999646e-01
5.843784319999999477e-01
5.835932799999999920e-01
5.848498559999999458e-01
5.838086399999999898e-01
5.850974079999999855e-01
5.847455360000000102e-01
5.842970880000000200e-01
5.846476800000000029e-01
5.843383039999999751e-01
5.844307199999999591e-01
5.846266879999999500e-01
5.852473599999999943e-01
5.849671039999999600e-01
5.843454080000000106e-01
5.836743680000000545e-01
5.839721599999999624e-01
5.821850240000000509e-01
5.862274560000000356e-01
5.854076799999999858e-01
5.846140159999999586e-01
5.843368960000000500e-01
5.838285439999999493e-01
5.841550720000000529e-01
5.856484480000000437e-01
5.843221760000000264e-01
5.844831999999999805e-01
5.847137279999999881e-01
5.843026559999999758e-01
5.855769600000000352e-01
5.850261759999999533e-01
5.844888959999999800e-01
5.853927039999999860e-01
5.827568640000000411e-01
5.850520959999999659e-01
5.863324800000000447e-01
5.854339840000000184e-01
5.840895360000000203e-01
5.849569279999999871e-01
5.847611520000000063e-01
5.839777919999999956e-01
5.875431039999999827e-01
5.844903679999999824e-01
5.841703679999999954e-01
5.844162560000000228e-01
5.855662080000000325e-01
5.849994880000000119e-01
5.842376959999999730e-01
5.845221120000000381e-01
5.823208960000000323e-01
5.818102400000000340e-01
5.827694079999999888e-01
5.829863680000000326e-01
5.838961919999999806e-01
5.846126719999999999e-01
5.832172799999999491e-01
5.849592959999999620e-01
5.840682240000000247e-01
5.855612159999999955e-01
5.849168639999999808e-01
5.859390079999999834e-01
5.827434879999999762e-01
5.810614400000000401e-01
5.815596159999999459e-01
5.810972159999999720e-01
5.822993279999999494e-01
5.812736640000000232e-01
5.817437439999999516e-01
5.816004479999999921e-01
5.814410880000000503e-01
5.819284479999999871e-01
5.849505280000000251e-01
5.832918400000000059e-01
5.824810240000000139e-01
5.845737600000000533e-01
5.840836480000000108e-01
5.825939199999999873e-01
5.846234879999999690e-01
5.829797759999999496e-01
5.831046399999999519e-01
5.816454399999999580e-01
5.823308160000000289e-01
5.819976959999999533e-01
5.807156479999999732e-01
5.817348479999999711e-01
5.827681919999999627e-01
5.815844479999999761e-01
5.814037760000000388e-01
5.808536319999999531e-01
5.805134720000000303e-01
5.797343360000000168e-01
5.807751679999999528e-01
5.809210240000000081e-01
5.838598400000000188e-01
5.822313599999999756e-01
5.809923839999999728e-01
5.814531200000000455e-01
5.814175360000000126e-01
5.814649600000000307e-01
5.807665920000000259e-01
5.806028159999999660e-01
5.804710400000000492e-01
5.821034880000000022e-01
5.806539520000000287e-01
5.814743039999999974e-01
5.814681600000000117e-01
5.813909760000000038e-01
5.834119039999999812e-01
5.816713599999999706e-01
5.804883199999999466e-01
5.799821440000000328e-01
5.814889600000000547e-01
5.819985279999999594e-01
5.840657280000000062e-01
5.825212800000000302e-01
5.836275840000000326e-01
5.852261119999999650e-01
5.858831359999999711e-01
5.841379199999999772e-01
5.834253440000000124e-01
5.839855360000000273e-01
5.829544960000000442e-01
5.822879359999999505e-01
5.814863999999999589e-01
5.829244799999999671e-01
5.832977280000000153e-01
5.829379199999999983e-01
5.823411840000000117e-01
5.817646079999999609e-01
5.823270400000000180e-01
5.818845440000000035e-01
5.829441920000000277e-01
5.813952639999999672e-01
5.829558400000000029e-01
5.847761280000000061e-01
5.828315520000000305e-01
5.829602560000000100e-01
5.824805760000000276e-01
5.830867199999999473e-01
5.833560319999999688e-01
5.837176960000000081e-01
5.843167999999999696e-01
5.819556479999999921e-01
5.841921920000000545e-01
5.838476160000000137e-01
5.850122239999999696e-01
5.838163840000000215e-01
5.821630719999999481e-01
5.828445439999999644e-01
5.833404800000000501e-01
5.831624319999999528e-01
5.838616960000000411e-01
5.849329920000000405e-01
5.845764479999999708e-01
5.843913600000000264e-01
5.819283200000000544e-01
5.826063360000000024e-01
5.828526720000000161e-01
5.835885440000000424e-01
5.824198400000000220e-01
5.798672000000000271e-01
5.839194880000000420e-01
5.844970240000000317e-01
5.835203839999999476e-01
5.856258559999999447e-01
5.864510080000000514e-01
5.842306560000000148e-01
5.868938879999999747e-01
5.863692160000000264e-01
5.853356159999999475e-01
5.847749119999999801e-01
5.854734080000000285e-01
5.837959679999999985e-01
5.832083839999999686e-01
5.870066560000000155e-01
5.826915839999999847e-01
5.835025280000000203e-01
5.841055360000000363e-01
5.824678399999999590e-01
5.826469119999999613e-01
5.821695359999999875e-01
5.827459200000000283e-01
5.830969599999999975e-01
5.809703680000000148e-01
5.811939200000000305e-01
5.825246080000000548e-01
5.826860799999999951e-01
5.829519359999999484e-01
5.835719040000000302e-01
5.842559360000000312e-01
5.854548480000000277e-01
5.850060799999999839e-01
5.856017919999999544e-01
5.864014079999999574e-01
5.862225920000000423e-01
5.895539840000000309e-01
5.865107200000000409e-01
5.867856000000000183e-01
5.853699839999999543e-01
5.889857280000000417e-01
5.869381759999999781e-01
5.861124479999999526e-01
5.853920000000000234e-01
5.850929280000000121e-01
5.865772799999999787e-01
5.842641920000000155e-01
5.868751359999999639e-01
5.860060160000000185e-01
5.862244479999999536e-01
5.848511360000000492e-01
5.861402879999999538e-01
5.845159680000000524e-01
5.850659200000000171e-01
5.855549439999999661e-01
5.841034880000000040e-01
5.845744000000000495e-01
5.853052800000000389e-01
5.840133760000000285e-01
5.847357439999999462e-01
5.842224000000000306e-01
5.846607360000000142e-01
5.837608960000000291e-01
5.863827839999999902e-01
5.847109759999999934e-01
5.851852800000000299e-01
5.852304000000000395e-01
5.850951039999999770e-01
5.856763520000000112e-01
5.865706880000000067e-01
5.857230079999999894e-01
5.846037760000000194e-01
5.849562879999999909e-01
5.827132800000000001e-01
5.834977279999999933e-01
5.827025279999999974e-01
5.819700479999999621e-01
5.820206079999999949e-01
5.811112959999999994e-01
5.810967040000000194e-01
5.798535040000000196e-01
5.802027520000000438e-01
5.813650559999999912e-01
5.820520959999999633e-01
5.823047040000000063e-01
5.794567680000000109e-01
5.802490879999999684e-01
5.811925759999999608e-01
5.810993279999999706e-01
5.798692479999999483e-01
5.796124160000000192e-01
5.803539199999999676e-01
5.807095679999999538e-01
5.811781759999999908e-01
5.814068479999999761e-01
5.808636160000000270e-01
5.813935999999999549e-01
5.808788480000000032e-01
5.818244479999999941e-01
5.819061119999999754e-01
5.816636800000000163e-01
5.803497600000000478e-01
5.795815680000000469e-01
5.811040640000000312e-01
5.803559679999999998e-01
5.821629440000000155e-01
5.797764480000000553e-01
5.810890880000000314e-01
5.819987199999999694e-01
5.824999680000000346e-01
5.817345919999999948e-01
5.833382400000000079e-01
5.814467199999999725e-01
5.808286080000000240e-01
5.824034559999999860e-01
5.827259519999999915e-01
5.842115839999999505e-01
5.823929599999999596e-01
5.822629759999999877e-01
5.829681279999999743e-01
5.827429760000000236e-01
5.844299520000000303e-01
5.809326080000000170e-01
5.821604479999999970e-01
5.802499199999999746e-01
5.813294079999999919e-01
5.804792960000000335e-01
5.818629119999999544e-01
5.823779199999999934e-01
5.826687999999999867e-01
5.815712640000000322e-01
5.813225600000000437e-01
5.795748480000000313e-01
5.805918079999999870e-01
5.802222080000000171e-01
5.795321599999999629e-01
5.802841600000000488e-01
5.824330239999999659e-01
5.824969599999999526e-01
5.804816000000000420e-01
5.811909760000000258e-01
5.806496639999999543e-01
5.830514559999999680e-01
5.841375359999999572e-01
5.829173760000000426e-01
5.836958719999999490e-01
5.859082880000000548e-01
5.846986880000000220e-01
5.846174079999999496e-01
5.845641599999999993e-01
5.846561279999999972e-01
5.845175040000000211e-01
5.850487680000000523e-01
5.823368319999999709e-01
5.827061759999999646e-01
5.838686079999999556e-01
5.840609279999999792e-01
5.826511359999999584e-01
5.826732159999999938e-01
5.829479680000000386e-01
5.826218880000000322e-01
5.800364799999999654e-01
5.814385279999999545e-01
5.805043840000000399e-01
5.817374079999999559e-01
5.819503999999999788e-01
5.816377600000000037e-01
5.807348479999999702e-01
5.838705920000000216e-01
5.816891520000000426e-01
5.827512959999999742e-01
5.817326720000000062e-01
5.797977600000000509e-01
5.801476479999999603e-01
5.813798399999999811e-01
5.802021760000000139e-01
5.808435199999999465e-01
5.810837760000000518e-01
5.823599360000000225e-01
5.807929600000000248e-01
5.812951039999999514e-01
5.811689599999999567e-01
5.808181759999999638e-01
5.806946560000000312e-01
5.818722560000000321e-01
5.823430400000000340e-01
5.835293440000000054e-01
5.840156159999999597e-01
5.842823040000000301e-01
5.854059520000000072e-01
5.840131200000000522e-01
5.848650239999999556e-01
5.846938879999999950e-01
5.849457919999999644e-01
5.839780479999999718e-01
5.862486399999999875e-01
5.844863999999999615e-01
5.858221439999999891e-01
5.840859520000000193e-01
5.847345280000000312e-01
5.842543999999999516e-01
5.827921280000000204e-01
5.819358079999999989e-01
5.815450880000000433e-01
5.819366400000000050e-01
5.823548160000000529e-01
5.813742720000000253e-01
5.819457279999999955e-01
5.817415679999999867e-01
5.832807679999999495e-01
5.836321279999999723e-01
5.833232640000000080e-01
5.851918080000000355e-01
5.846828800000000159e-01
5.842135680000000164e-01
5.842220799999999770e-01
5.868577919999999892e-01
5.857919360000000131e-01
5.856127359999999671e-01
5.847711359999999692e-01
5.836206720000000070e-01
5.864648319999999915e-01
5.857510400000000006e-01
5.858687360000000011e-01
5.851098879999999669e-01
5.860312319999999575e-01
5.839551360000000413e-01
5.853105280000000521e-01
5.856932479999999996e-01
5.841612800000000050e-01
5.882387199999999927e-01
5.850708479999999767e-01
5.858033919999999783e-01
5.846041600000000393e-01
5.853791360000000221e-01
5.845610879999999510e-01
5.843142399999999848e-01
5.832383359999999684e-01
5.824516480000000440e-01
5.829070079999999487e-01
5.845756159999999646e-01
5.841715200000000552e-01
5.830516479999999779e-01
5.841431679999999904e-01
5.835686399999999718e-01
5.819647999999999488e-01
5.838210560000000049e-01
5.841561600000000354e-01
5.846616959999999530e-01
5.851783040000000380e-01
5.852092159999999765e-01
5.863110400000000055e-01
5.847905279999999761e-01
5.865716479999999455e-01
5.859235200000000310e-01
5.863649279999999520e-01
5.861602559999999906e-01
5.860852479999999476e-01
5.875527040000000367e-01
5.870824959999999537e-01
5.877098880000000136e-01
5.887786879999999945e-01
5.896053119999999925e-01
5.886799999999999811e-01
5.867846399999999685e-01
5.870759679999999481e-01
5.886751999999999541e-01
5.851271679999999753e-01
5.852114560000000187e-01
5.850543999999999745e-01
5.843364479999999528e-01
5.833670399999999479e-01
5.844255999999999895e-01
5.842228480000000168e-01
5.831272960000000172e-01
5.840654079999999526e-01
5.847639679999999673e-01
5.849667200000000511e-01
5.845288960000000200e-01
5.846492800000000489e-01
5.824428160000000299e-01
5.843545599999999673e-01
5.852366079999999915e-01
5.857192959999999449e-01
5.860280960000000539e-01
5.863625599999999771e-01
5.864052480000000456e-01
5.873816960000000087e-01
5.867662080000000113e-01
5.866447360000000000e-01
5.876806399999999764e-01
5.877699840000000231e-01
5.886669439999999698e-01
5.878757119999999947e-01
5.875359999999999472e-01
5.863582080000000474e-01
5.888376960000000215e-01
5.878167039999999677e-01
5.878988160000000462e-01
5.867055359999999720e-01
5.866142079999999703e-01
5.874880000000000102e-01
5.871108480000000185e-01
5.891395200000000276e-01
5.873103360000000439e-01
5.861256959999999738e-01
5.866706560000000126e-01
5.860691199999999990e-01
5.873631999999999742e-01
5.860558080000000114e-01
5.856729600000000202e-01
5.844191359999999502e-01
5.863793919999999993e-01
5.850295680000000553e-01
5.843462400000000168e-01
5.851789440000000342e-01
5.870849919999999722e-01
5.863834879999999528e-01
5.856732799999999628e-01
5.858263679999999862e-01
5.867156479999999785e-01
5.873650559999999965e-01
5.876373120000000227e-01
5.873112959999999827e-01
5.876606079999999732e-01
5.865828480000000456e-01
5.877173759999999580e-01
5.849280000000000035e-01
5.873316480000000395e-01
5.860727679999999662e-01
5.843532799999999749e-01
5.860834560000000026e-01
5.842065279999999472e-01
5.846657280000000512e-01
5.844959360000000492e-01
5.827056000000000457e-01
5.854775679999999483e-01
5.835678079999999657e-01
5.825583359999999544e-01
5.838490880000000161e-01
5.847854080000000065e-01
5.849650560000000388e-01
5.825498879999999602e-01
5.837243519999999464e-01
5.828691200000000183e-01
5.822526719999999711e-01
5.837180800000000280e-01
5.822424320000000320e-01
5.839851520000000074e-01
5.831001599999999785e-01
5.863630079999999634e-01
5.837712640000000119e-01
5.848126080000000115e-01
5.854554880000000239e-01
5.843848320000000207e-01
5.859875199999999840e-01
5.850953599999999533e-01
5.840565760000000495e-01
5.844189440000000513e-01
5.846236799999999789e-01
5.839385599999999954e-01
5.833018239999999688e-01
5.836943999999999466e-01
5.833836799999999601e-01
5.833874559999999709e-01
5.836818559999999989e-01
5.843575039999999721e-01
5.824624640000000131e-01
5.826682880000000342e-01
5.841105920000000395e-01
5.835297280000000253e-01
5.839497599999999844e-01
5.840451199999999732e-01
5.830051200000000433e-01
5.841217279999999512e-01
5.863308160000000324e-01
5.852910080000000015e-01
5.839296000000000486e-01
5.862802559999999996e-01
5.844780160000000446e-01
5.837144319999999498e-01
5.824611200000000544e-01
5.797678720000000174e-01
5.805858560000000113e-01
5.793358720000000295e-01
5.808687999999999629e-01
5.802965119999999866e-01
5.801778560000000473e-01
5.804808959999999685e-01
5.804870399999999542e-01
5.812347519999999657e-01
5.825713279999999994e-01
5.801823999999999870e-01
5.804389760000000509e-01
5.795838720000000555e-01
5.819998079999999518e-01
5.820019199999999504e-01
5.827489919999999657e-01
5.823976960000000203e-01
5.829527039999999882e-01
5.840058240000000067e-01
5.831912959999999702e-01
5.832003199999999943e-01
5.839102080000000417e-01
5.820994560000000151e-01
5.824791040000000253e-01
5.812324479999999571e-01
5.842015999999999876e-01
5.818234880000000553e-01
5.816055679999999617e-01
5.809437440000000397e-01
5.815164160000000360e-01
5.810407680000000408e-01
5.798906879999999875e-01
5.801509759999999849e-01
5.790724480000000174e-01
5.771119359999999920e-01
5.796705279999999627e-01
5.798073599999999939e-01
5.779728640000000306e-01
5.793862400000000523e-01
5.780452480000000115e-01
5.787049600000000460e-01
5.779567359999999709e-01
5.789682560000000144e-01
5.795639679999999849e-01
5.801585280000000067e-01
5.804117119999999685e-01
5.820824319999999830e-01
5.816622080000000139e-01
5.823842559999999891e-01
5.823731840000000437e-01
5.808865279999999576e-01
5.819314559999999581e-01
5.819843839999999657e-01
5.793514239999999482e-01
5.811465599999999787e-01
5.828023679999999596e-01
5.830974079999999837e-01
5.801964160000000481e-01
5.794054400000000493e-01
5.804423680000000418e-01
5.790522879999999706e-01
5.830679680000000475e-01
5.793924480000000043e-01
5.806610559999999532e-01
5.812009599999999887e-01
5.802905600000000108e-01
5.803553919999999700e-01
5.797918079999999641e-01
5.805055999999999550e-01
5.812451840000000258e-01
5.799428479999999553e-01
5.810030080000000430e-01
5.799176959999999825e-01
5.790847999999999551e-01
5.805155199999999516e-01
5.778981760000000412e-01
5.798083840000000100e-01
5.789855360000000228e-01
5.792108799999999835e-01
5.790414080000000352e-01
5.814360960000000134e-01
5.799041280000000187e-01
5.792068479999999964e-01
5.806559999999999500e-01
5.813344000000000289e-01
5.800892159999999631e-01
5.787718400000000374e-01
5.796474879999999885e-01
5.796031360000000188e-01
5.762494719999999848e-01
5.772271359999999740e-01
5.780793600000000421e-01
5.787165440000000549e-01
5.778780159999999944e-01
5.781927040000000018e-01
5.781767679999999521e-01
5.787548799999999716e-01
5.809551360000000386e-01
5.771305599999999592e-01
5.775898879999999957e-01
5.771918080000000284e-01
5.739907199999999543e-01
5.763050240000000546e-01
5.774981120000000079e-01
5.778314879999999487e-01
5.764620799999999878e-01
5.775684479999999565e-01
5.745796480000000539e-01
5.763694719999999938e-01
5.735519999999999508e-01
5.774655359999999460e-01
5.753342080000000136e-01
5.748462720000000470e-01
5.751585280000000022e-01
5.739710080000000048e-01
5.739750399999999919e-01
5.731317759999999817e-01
5.737676160000000358e-01
5.729989760000000487e-01
5.730994560000000071e-01
5.732044800000000162e-01
5.726879999999999749e-01
5.733152000000000248e-01
5.723646719999999632e-01
5.744670079999999457e-01
5.740644480000000049e-01
5.731857280000000054e-01
5.730689279999999775e-01
5.744222719999999560e-01
5.741118720000000231e-01
5.741097600000000245e-01
5.732117759999999507e-01
5.727999999999999758e-01
5.726476799999999923e-01
5.743434880000000131e-01
5.726145919999999778e-01
5.722430080000000530e-01
5.725238400000000061e-01
5.729783040000000494e-01
5.729953279999999705e-01
5.724421760000000248e-01
5.729816960000000403e-01
5.737523839999999486e-01
5.740090879999999451e-01
5.744908800000000371e-01
5.756062720000000299e-01
5.742906880000000491e-01
5.735472000000000348e-01
5.732391679999999656e-01
5.743891840000000526e-01
5.764643200000000300e-01
5.739004800000000461e-01
5.726677759999999617e-01
5.707346559999999513e-01
5.724869759999999808e-01
5.724069760000000118e-01
5.725465600000000377e-01
5.730688000000000448e-01
5.731231359999999775e-01
5.742175360000000284e-01
5.739608959999999982e-01
5.727228800000000453e-01
5.731799680000000397e-01
5.740839039999999782e-01
5.739191040000000132e-01
5.726352639999999772e-01
5.720328959999999574e-01
5.737875199999999953e-01
5.720183039999999774e-01
5.725820799999999933e-01
5.742734080000000407e-01
5.725865599999999667e-01
5.731719680000000317e-01
5.726251519999999706e-01
5.724337280000000305e-01
5.730471679999999957e-01
5.737023999999999457e-01
5.718421120000000135e-01
5.734832640000000481e-01
5.739022080000000248e-01
5.726284799999999953e-01
5.747916159999999497e-01
5.759043200000000251e-01
5.738065279999999824e-01
5.731750399999999690e-01
5.750602879999999750e-01
5.743710079999999607e-01
5.745052800000000071e-01
5.729881599999999686e-01
5.746650880000000461e-01
5.732180479999999800e-01
5.746504959999999551e-01
5.719021439999999457e-01
5.734539520000000445e-01
5.725929600000000397e-01
5.714239359999999657e-01
5.718459519999999907e-01
5.711680000000000090e-01
5.725820799999999933e-01
5.725170560000000242e-01
5.730144640000000011e-01
5.736381440000000165e-01
5.723603200000000335e-01
5.714449280000000186e-01
5.729838720000000052e-01
5.742262399999999989e-01
5.707058560000000114e-01
5.708526720000000054e-01
5.717207039999999685e-01
5.734774400000000050e-01
5.708388479999999543e-01
5.715591679999999508e-01
5.718364799999999804e-01
5.722479360000000126e-01
5.753153279999999592e-01
5.738372480000000220e-01
5.736387840000000127e-01
5.731846400000000230e-01
5.742563200000000423e-01
5.750537599999999694e-01
5.748460800000000370e-01
5.743682559999999659e-01
5.732475519999999936e-01
5.738466559999999550e-01
5.735974400000000140e-01
5.729601920000000348e-01
5.746988159999999457e-01
5.748498560000000479e-01
5.736950400000000450e-01
5.737596799999999941e-01
5.740753920000000177e-01
5.744810879999999731e-01
5.736702080000000148e-01
5.737281279999999484e-01
5.745336960000000381e-01
5.733645440000000315e-01
5.741138559999999780e-01
5.733881600000000356e-01
5.732025600000000276e-01
5.739994880000000022e-01
5.741616000000000497e-01
5.728879999999999528e-01
5.727580799999999472e-01
5.714967039999999665e-01
5.709079679999999879e-01
5.716533759999999909e-01
5.715876479999999482e-01
5.710263679999999509e-01
5.701262719999999895e-01
5.707204479999999913e-01
5.716373120000000085e-01
5.726071040000000334e-01
5.725310080000000079e-01
5.737060480000000240e-01
5.753620480000000148e-01
5.727646720000000302e-01
5.734911999999999788e-01
5.713421440000000517e-01
5.735758079999999648e-01
5.716130560000000083e-01
5.730159999999999698e-01
5.726434559999999951e-01
5.714200959999999885e-01
5.725438080000000429e-01
5.708912640000000094e-01
5.721865600000000107e-01
5.706394240000000062e-01
5.709251199999999526e-01
5.685408640000000347e-01
