1.306159360000000103e+00
1.305687999999999960e+00
1.305309199999999947e+00
1.304103519999999961e+00
1.303406960000000003e+00
1.304558639999999992e+00
1.303763519999999954e+00
1.302435280000000084e+00
1.302143599999999957e+00
1.301771840000000013e+00
1.299424640000000020e+00
1.298627039999999955e+00
1.295513839999999917e+00
1.293508880000000083e+00
1.292197360000000073e+00
1.289494960000000079e+00
1.286316879999999996e+00
1.283736559999999916e+00
1.279843199999999959e+00
1.278144720000000012e+00
1.274376720000000018e+00
1.270678879999999955e+00
1.268827280000000002e+00
1.267083039999999938e+00
1.262865920000000086e+00
1.259992559999999928e+00
1.255457040000000024e+00
1.251170640000000001e+00
1.247380479999999903e+00
1.244504719999999898e+00
1.241242079999999914e+00
1.237559920000000036e+00
1.234668880000000080e+00
1.230227119999999896e+00
1.228092320000000015e+00
1.224087600000000053e+00
1.220858479999999968e+00
1.218272320000000075e+00
1.213900559999999906e+00
1.210600399999999910e+00
1.207921999999999940e+00
1.203467520000000013e+00
1.200757759999999896e+00
1.197851199999999894e+00
1.201912560000000019e+00
1.200762480000000076e+00
1.199580560000000018e+00
1.198622719999999919e+00
1.196965360000000089e+00
1.198497920000000105e+00
1.196928479999999961e+00
1.198838319999999902e+00
1.198819599999999985e+00
1.199036320000000044e+00
1.198129760000000044e+00
1.200540879999999921e+00
1.203085760000000004e+00
1.202879919999999991e+00
1.202398400000000089e+00
1.202890479999999984e+00
1.202742959999999917e+00
1.201547520000000091e+00
1.201242560000000070e+00
1.202473839999999905e+00
1.202731519999999943e+00
1.201475040000000050e+00
1.201777120000000032e+00
1.201394880000000054e+00
1.201273999999999953e+00
1.201998960000000061e+00
1.201783920000000006e+00
1.203350080000000100e+00
1.203982560000000035e+00
1.202302720000000047e+00
1.204174159999999993e+00
1.202300319999999978e+00
1.202982879999999977e+00
1.203921760000000063e+00
1.203905840000000005e+00
1.203573919999999964e+00
1.202250159999999957e+00
1.204670319999999961e+00
1.204360400000000109e+00
1.204998879999999994e+00
1.205699120000000013e+00
1.206127519999999897e+00
1.206576799999999894e+00
1.206881040000000072e+00
1.207499120000000037e+00
1.207440880000000050e+00
1.207834400000000086e+00
1.205859999999999932e+00
1.204148800000000019e+00
1.202970400000000106e+00
1.203084239999999916e+00
1.201031919999999920e+00
1.198154319999999995e+00
1.199586959999999980e+00
1.197853199999999951e+00
1.229633360000000009e+00
1.227603919999999960e+00
1.229480240000000002e+00
1.228244319999999945e+00
1.228499199999999902e+00
1.226210000000000022e+00
1.223919600000000107e+00
1.223616720000000102e+00
1.221464719999999948e+00
1.220677840000000014e+00
1.219192400000000065e+00
1.218732799999999949e+00
1.217074879999999970e+00
1.213046800000000092e+00
1.211213359999999906e+00
1.210649120000000023e+00
1.208515999999999924e+00
1.207572000000000090e+00
1.205536960000000102e+00
1.204422319999999935e+00
1.205100880000000041e+00
1.203852080000000102e+00
1.203927039999999948e+00
1.203671600000000064e+00
1.202200399999999947e+00
1.204663360000000072e+00
1.203677679999999972e+00
1.205907119999999999e+00
1.205209999999999892e+00
1.205627199999999899e+00
1.204556720000000025e+00
1.205665119999999924e+00
1.203373280000000101e+00
1.205298320000000034e+00
1.204142320000000099e+00
1.204330480000000092e+00
1.202775359999999960e+00
1.199759519999999968e+00
1.199491840000000087e+00
1.197634719999999930e+00
1.196862080000000050e+00
1.195178960000000012e+00
1.192272640000000106e+00
1.192012080000000029e+00
1.190273759999999958e+00
1.185703519999999900e+00
1.185156319999999930e+00
1.181112879999999921e+00
1.179953599999999936e+00
1.176231119999999963e+00
1.174785600000000096e+00
1.173559199999999914e+00
1.168589199999999995e+00
1.167866080000000029e+00
1.163496400000000097e+00
1.157820719999999914e+00
1.154429520000000098e+00
1.151364480000000023e+00
1.148868720000000065e+00
1.147746799999999956e+00
1.147267840000000039e+00
1.144666399999999973e+00
1.144117920000000010e+00
1.143790000000000084e+00
1.142947439999999926e+00
1.142272720000000019e+00
1.141679520000000059e+00
1.143082399999999943e+00
1.143973679999999993e+00
1.142279760000000088e+00
1.142889599999999950e+00
1.143035919999999983e+00
1.143130879999999960e+00
1.142860079999999945e+00
1.141721360000000018e+00
1.142514720000000095e+00
1.142740719999999932e+00
1.141967919999999914e+00
1.142029519999999909e+00
1.142798800000000004e+00
1.142280240000000058e+00
1.142366559999999920e+00
1.143007600000000012e+00
1.143240239999999908e+00
1.144110879999999941e+00
1.146831520000000104e+00
1.149174719999999983e+00
1.150048959999999898e+00
1.151512480000000060e+00
1.151686399999999999e+00
1.152503360000000088e+00
1.152940000000000076e+00
1.152876240000000108e+00
1.152781840000000058e+00
1.153162159999999936e+00
1.151905680000000043e+00
1.151448880000000008e+00
1.151414479999999907e+00
1.150527840000000079e+00
1.149685279999999921e+00
1.148865599999999931e+00
1.148176080000000043e+00
1.145294320000000088e+00
1.145183119999999999e+00
1.144199280000000041e+00
1.142837679999999967e+00
1.142313359999999944e+00
1.140802960000000033e+00
1.140651840000000083e+00
1.139339840000000104e+00
1.138181839999999889e+00
1.136531200000000075e+00
1.135564720000000083e+00
1.136699520000000074e+00
1.135721919999999940e+00
1.135012160000000048e+00
1.135044720000000007e+00
1.135580559999999961e+00
1.135068160000000104e+00
1.134941119999999914e+00
1.133914960000000027e+00
1.132055040000000012e+00
1.132031919999999969e+00
1.131706239999999974e+00
1.132340560000000051e+00
1.132151359999999940e+00
1.132769120000000074e+00
1.132402319999999962e+00
1.134166800000000030e+00
1.134839280000000006e+00
1.135318159999999965e+00
1.135916319999999979e+00
1.138237439999999934e+00
1.139773600000000053e+00
1.140668479999999985e+00
1.142037839999999971e+00
1.144229680000000027e+00
1.146169999999999911e+00
1.149093120000000079e+00
1.150646239999999931e+00
1.152034879999999983e+00
1.153474000000000110e+00
1.154487279999999894e+00
1.155558800000000108e+00
1.154801119999999903e+00
1.154655839999999989e+00
1.154542479999999927e+00
1.154994159999999992e+00
1.153809920000000044e+00
1.153482080000000076e+00
1.153404239999999970e+00
1.151996159999999936e+00
1.150902880000000073e+00
1.150360480000000019e+00
1.148185760000000055e+00
1.148712399999999967e+00
1.147696480000000019e+00
1.145610320000000071e+00
1.145517920000000078e+00
1.143074160000000061e+00
1.143184079999999936e+00
1.141659039999999958e+00
1.140920960000000095e+00
1.141200320000000046e+00
1.140268080000000017e+00
1.138669120000000090e+00
1.138089040000000107e+00
1.137400959999999905e+00
1.136600880000000036e+00
1.135510079999999977e+00
1.136019359999999923e+00
1.134145600000000087e+00
1.133554799999999974e+00
1.132980799999999899e+00
1.132375679999999996e+00
1.131023040000000091e+00
1.129418000000000033e+00
1.130638400000000043e+00
1.130635119999999993e+00
1.129302400000000040e+00
1.127669919999999992e+00
1.127510320000000066e+00
1.126657280000000094e+00
1.126194960000000078e+00
1.125145999999999979e+00
1.123807439999999991e+00
1.122002720000000009e+00
1.120883840000000076e+00
1.120003679999999946e+00
1.118878959999999978e+00
1.117615840000000027e+00
1.117382400000000109e+00
1.116003999999999996e+00
1.115652560000000015e+00
1.114128720000000072e+00
1.114626640000000002e+00
1.112576720000000075e+00
1.113605839999999958e+00
1.111735600000000046e+00
1.112230320000000106e+00
1.111789439999999907e+00
1.111364239999999892e+00
1.112881199999999904e+00
1.112566560000000093e+00
1.112230880000000033e+00
1.113041439999999938e+00
1.112857680000000071e+00
1.112481119999999990e+00
1.113052399999999942e+00
1.112985520000000061e+00
1.115413039999999967e+00
1.115450400000000064e+00
1.116286880000000092e+00
1.116846320000000059e+00
1.116477280000000016e+00
1.118360639999999906e+00
1.117986560000000074e+00
1.118390240000000091e+00
1.118705840000000062e+00
1.120522479999999987e+00
1.121280559999999982e+00
1.121158239999999973e+00
1.124614479999999972e+00
1.124898799999999977e+00
1.126364719999999986e+00
1.127009520000000098e+00
1.129807360000000038e+00
1.130216239999999983e+00
1.131870240000000027e+00
1.133210559999999978e+00
1.134392159999999983e+00
1.135917520000000014e+00
1.136159039999999898e+00
1.137443680000000068e+00
1.136547360000000007e+00
1.138837600000000005e+00
1.139664400000000022e+00
1.137892160000000041e+00
1.138025440000000055e+00
1.137998239999999939e+00
1.139755999999999991e+00
1.138725519999999936e+00
1.138863119999999896e+00
1.138969040000000099e+00
1.137605680000000064e+00
1.138443440000000084e+00
1.138492000000000060e+00
1.140144559999999974e+00
1.139602159999999920e+00
1.139464159999999948e+00
1.139706639999999993e+00
1.141425520000000082e+00
1.142666079999999917e+00
1.143346399999999985e+00
1.144289279999999964e+00
1.144012000000000029e+00
1.145800240000000025e+00
1.147779679999999969e+00
1.148362160000000021e+00
1.148059759999999985e+00
1.148256319999999997e+00
1.149098479999999922e+00
1.150214400000000081e+00
1.151810159999999916e+00
1.151430399999999965e+00
1.152905679999999933e+00
1.153881280000000009e+00
1.154931039999999909e+00
1.156138399999999899e+00
1.157734000000000041e+00
1.159765919999999895e+00
1.161524400000000012e+00
1.163852480000000078e+00
1.165006240000000082e+00
1.167085680000000014e+00
1.167780480000000010e+00
1.171372400000000091e+00
1.176036960000000020e+00
1.177898560000000039e+00
1.180502399999999952e+00
1.182266000000000039e+00
1.184797440000000091e+00
1.186690239999999896e+00
1.190302160000000109e+00
1.192548960000000102e+00
1.194668559999999990e+00
1.196563519999999992e+00
1.199712639999999997e+00
1.203041199999999922e+00
1.204386560000000106e+00
1.207137439999999895e+00
1.209617759999999986e+00
1.210449600000000014e+00
1.212071200000000015e+00
1.214613200000000059e+00
1.216131199999999968e+00
1.218053199999999947e+00
1.219573760000000062e+00
1.221046719999999919e+00
1.222944000000000031e+00
1.225146080000000026e+00
