1.913612359999999901e+00
1.916670909999999894e+00
1.919581999999999899e+00
1.922636149999999988e+00
1.924623369999999944e+00
1.928205839999999949e+00
1.930954449999999989e+00
1.932177660000000019e+00
1.934627290000000110e+00
1.937170019999999937e+00
1.940287469999999903e+00
1.941134450000000067e+00
1.942789550000000087e+00
1.944600579999999912e+00
1.945641869999999995e+00
1.946832530000000006e+00
1.947391150000000071e+00
1.947730299999999914e+00
1.948600880000000091e+00
1.949617139999999971e+00
1.950474849999999982e+00
1.952168459999999994e+00
1.951829910000000057e+00
1.948843349999999974e+00
1.948784819999999973e+00
1.948897359999999912e+00
1.950038189999999894e+00
1.949232099999999912e+00
1.950053089999999933e+00
1.950792780000000004e+00
1.951195240000000108e+00
1.952107070000000055e+00
1.952748289999999942e+00
1.953690759999999971e+00
1.953843229999999931e+00
1.955686210000000091e+00
1.956180330000000023e+00
1.956182469999999896e+00
1.956588860000000096e+00
1.956600059999999974e+00
1.956889620000000107e+00
1.957588069999999902e+00
1.958528279999999899e+00
1.958715790000000068e+00
1.959324590000000033e+00
1.959981200000000090e+00
1.959434619999999905e+00
1.960474959999999989e+00
1.959887139999999972e+00
1.960533609999999927e+00
1.960014099999999981e+00
1.960286610000000040e+00
1.960551139999999970e+00
1.959916470000000022e+00
1.960594530000000058e+00
1.960402250000000013e+00
1.960503689999999910e+00
1.960329769999999971e+00
1.959905860000000111e+00
1.960021610000000081e+00
1.960412379999999954e+00
1.960610619999999971e+00
1.960578079999999890e+00
1.962081069999999983e+00
1.961134310000000047e+00
1.960770239999999998e+00
1.960804100000000050e+00
1.961458920000000106e+00
1.961199160000000052e+00
1.962083570000000110e+00
1.961622229999999911e+00
1.961773030000000029e+00
1.962261430000000084e+00
1.963088270000000080e+00
1.962716689999999931e+00
1.961739890000000042e+00
1.962022659999999918e+00
1.961900229999999912e+00
1.962020630000000043e+00
1.962401269999999975e+00
1.961613770000000034e+00
1.961752649999999987e+00
1.962320559999999992e+00
1.962457179999999912e+00
1.962160820000000028e+00
1.962684270000000009e+00
1.962242720000000107e+00
1.961252919999999955e+00
1.961674450000000069e+00
1.961094729999999897e+00
1.961376189999999964e+00
1.961286300000000038e+00
1.961143730000000085e+00
1.961919659999999954e+00
1.961202969999999990e+00
1.961386199999999969e+00
1.961375230000000025e+00
1.961278910000000097e+00
1.961675279999999910e+00
1.962182400000000104e+00
1.962254399999999954e+00
1.961924910000000022e+00
1.961859339999999952e+00
1.962517609999999912e+00
1.962617630000000002e+00
1.962941880000000028e+00
1.963141320000000078e+00
1.963137029999999950e+00
1.963466520000000104e+00
1.963955640000000002e+00
1.964710710000000082e+00
1.964091060000000111e+00
1.964460370000000067e+00
1.965378400000000081e+00
1.965325109999999986e+00
1.965626230000000030e+00
1.966062060000000056e+00
1.966278430000000021e+00
1.966627829999999966e+00
1.966544859999999950e+00
1.966071719999999967e+00
1.966617819999999961e+00
1.966328019999999954e+00
1.968134990000000029e+00
1.967002509999999926e+00
1.967047570000000078e+00
1.967794290000000057e+00
1.968027940000000031e+00
1.967616199999999926e+00
1.967499729999999891e+00
1.967184660000000029e+00
1.967164630000000081e+00
1.967543950000000041e+00
1.967957610000000024e+00
1.967131369999999935e+00
1.968009469999999927e+00
1.968276380000000048e+00
1.968467589999999934e+00
1.967983239999999912e+00
1.967727419999999894e+00
1.967457650000000058e+00
1.967891089999999954e+00
1.967511049999999928e+00
1.967152470000000042e+00
1.967497339999999983e+00
1.966015690000000093e+00
1.966601720000000109e+00
1.965999840000000054e+00
1.965576290000000004e+00
1.965761539999999918e+00
1.965525980000000006e+00
1.965520380000000067e+00
1.965338580000000057e+00
1.964847440000000001e+00
1.964526530000000104e+00
1.964649080000000048e+00
1.964610689999999993e+00
1.964712379999999925e+00
1.964278930000000090e+00
1.964117279999999965e+00
1.963120460000000067e+00
1.963158839999999961e+00
1.962219109999999933e+00
1.961240759999999916e+00
1.960150000000000059e+00
1.960067980000000043e+00
1.959107869999999973e+00
1.958010309999999921e+00
1.957203500000000096e+00
1.956995360000000073e+00
1.956137060000000094e+00
1.954417220000000066e+00
1.953295110000000001e+00
1.953391190000000055e+00
1.953010080000000093e+00
1.952344169999999934e+00
1.951162810000000025e+00
1.950939889999999899e+00
1.951986430000000050e+00
1.951508989999999999e+00
1.951982249999999919e+00
1.951876160000000082e+00
1.952042569999999921e+00
1.952473399999999915e+00
1.951971759999999945e+00
1.952071780000000034e+00
1.952116600000000091e+00
1.951430320000000052e+00
1.951941960000000087e+00
1.950190180000000106e+00
1.950963610000000070e+00
1.951697229999999950e+00
1.951352229999999910e+00
1.951725949999999932e+00
1.951624269999999939e+00
1.951075310000000007e+00
1.951597089999999923e+00
1.951683520000000005e+00
1.952492590000000083e+00
1.952910060000000003e+00
1.953509090000000059e+00
1.953029990000000105e+00
1.953420869999999976e+00
1.952590819999999949e+00
1.952943920000000055e+00
1.953088520000000106e+00
1.952920310000000104e+00
1.954217550000000081e+00
1.955518239999999963e+00
1.956196419999999936e+00
1.955692879999999967e+00
1.956398359999999892e+00
1.956771730000000042e+00
1.957371589999999939e+00
1.957431429999999972e+00
1.957547420000000038e+00
1.957998869999999947e+00
1.958796259999999956e+00
1.958938000000000068e+00
1.959433910000000001e+00
1.959568380000000110e+00
1.959868549999999932e+00
1.959779259999999912e+00
1.958794949999999924e+00
1.959094279999999966e+00
1.959024190000000054e+00
1.958378430000000003e+00
1.958853600000000084e+00
1.956676480000000051e+00
1.957857009999999898e+00
1.956595059999999942e+00
1.958000420000000075e+00
1.958170050000000106e+00
1.959372520000000062e+00
1.960363740000000021e+00
1.960812680000000086e+00
1.961073389999999916e+00
1.962710139999999992e+00
1.962286940000000035e+00
1.962997190000000058e+00
1.962724920000000095e+00
1.963510389999999939e+00
0.000000000000000000e+00
0.000000000000000000e+00
0.000000000000000000e+00
0.000000000000000000e+00
0.000000000000000000e+00
0.000000000000000000e+00
0.000000000000000000e+00
0.000000000000000000e+00
0.000000000000000000e+00
0.000000000000000000e+00
0.000000000000000000e+00
0.000000000000000000e+00
0.000000000000000000e+00
0.000000000000000000e+00
0.000000000000000000e+00
0.000000000000000000e+00
0.000000000000000000e+00
0.000000000000000000e+00
0.000000000000000000e+00
0.000000000000000000e+00
0.000000000000000000e+00
0.000000000000000000e+00
0.000000000000000000e+00
0.000000000000000000e+00
0.000000000000000000e+00
0.000000000000000000e+00
0.000000000000000000e+00
0.000000000000000000e+00
0.000000000000000000e+00
0.000000000000000000e+00
0.000000000000000000e+00
0.000000000000000000e+00
0.000000000000000000e+00
0.000000000000000000e+00
0.000000000000000000e+00
0.000000000000000000e+00
0.000000000000000000e+00
0.000000000000000000e+00
0.000000000000000000e+00
0.000000000000000000e+00
0.000000000000000000e+00
0.000000000000000000e+00
0.000000000000000000e+00
0.000000000000000000e+00
0.000000000000000000e+00
0.000000000000000000e+00
0.000000000000000000e+00
0.000000000000000000e+00
0.000000000000000000e+00
0.000000000000000000e+00
0.000000000000000000e+00
0.000000000000000000e+00
0.000000000000000000e+00
0.000000000000000000e+00
0.000000000000000000e+00
0.000000000000000000e+00
0.000000000000000000e+00
0.000000000000000000e+00
