1.688139669999999981e+00
1.679568289999999964e+00
1.683388710000000010e+00
1.680248849999999905e+00
1.685819739999999900e+00
1.680111279999999985e+00
1.677640079999999978e+00
1.675313590000000019e+00
1.680350180000000027e+00
1.681956999999999924e+00
1.679219119999999954e+00
1.679779640000000018e+00
1.683577890000000021e+00
1.674798360000000041e+00
1.668815249999999972e+00
1.681053990000000109e+00
1.683863040000000089e+00
1.678704970000000074e+00
1.670661560000000101e+00
1.671083209999999930e+00
1.674435129999999994e+00
1.675714490000000056e+00
1.682015290000000052e+00
1.678360810000000036e+00
1.688801049999999915e+00
1.688938730000000055e+00
1.680648560000000069e+00
1.679961679999999902e+00
1.686845890000000070e+00
1.700915329999999948e+00
1.688998929999999898e+00
1.708757159999999997e+00
1.714671959999999995e+00
1.725141880000000016e+00
1.716524830000000001e+00
1.721150509999999967e+00
1.732051250000000042e+00
1.730268350000000011e+00
1.720021599999999928e+00
1.738407489999999944e+00
1.736061450000000006e+00
1.732450360000000078e+00
1.740436069999999891e+00
1.739712469999999955e+00
1.739072560000000101e+00
1.738315819999999956e+00
1.742399569999999898e+00
1.744508739999999891e+00
1.742510189999999959e+00
1.747184749999999953e+00
1.740798590000000035e+00
1.748835200000000034e+00
1.743709200000000070e+00
1.747802010000000017e+00
1.734543799999999969e+00
1.751598229999999923e+00
1.754389640000000083e+00
1.753799080000000066e+00
1.752023810000000070e+00
1.757076139999999898e+00
1.751735679999999906e+00
1.745498530000000104e+00
1.759180420000000078e+00
1.749679680000000070e+00
1.750885119999999961e+00
1.758293859999999986e+00
1.762051100000000092e+00
1.755315659999999944e+00
1.763805499999999915e+00
1.768691299999999966e+00
1.765198580000000073e+00
1.762616030000000000e+00
1.766838549999999897e+00
1.762341729999999940e+00
1.760354750000000079e+00
1.761608000000000063e+00
1.761269449999999903e+00
1.761152019999999929e+00
1.759979720000000025e+00
1.757497309999999979e+00
1.756769889999999945e+00
1.758781549999999916e+00
1.760393380000000008e+00
1.761503449999999971e+00
1.761048310000000061e+00
1.764511699999999905e+00
1.761226890000000100e+00
1.756698249999999906e+00
1.759104250000000036e+00
1.755023119999999937e+00
1.759074440000000017e+00
1.761120669999999944e+00
1.754061340000000024e+00
1.754652019999999979e+00
1.763826839999999896e+00
1.760331150000000067e+00
1.758457060000000016e+00
1.758773080000000100e+00
1.763501399999999997e+00
1.758586399999999994e+00
1.761381499999999933e+00
1.751314639999999923e+00
1.750667449999999903e+00
1.758307569999999931e+00
1.765259260000000108e+00
1.765951150000000025e+00
1.762453309999999940e+00
1.769790289999999988e+00
1.764190190000000102e+00
1.773157590000000061e+00
1.762831800000000060e+00
1.755057689999999893e+00
1.755238999999999994e+00
1.757950059999999981e+00
1.767222400000000082e+00
1.767615310000000051e+00
1.757806060000000059e+00
1.758418079999999994e+00
1.769177910000000020e+00
1.768862960000000095e+00
1.770981429999999968e+00
1.765346759999999904e+00
1.760922190000000054e+00
1.759564869999999948e+00
1.768048400000000075e+00
1.769778960000000012e+00
1.773560400000000037e+00
1.778873439999999917e+00
1.762067309999999942e+00
1.757149929999999971e+00
1.771088599999999902e+00
1.756946200000000013e+00
1.773964880000000077e+00
1.779410479999999906e+00
1.784970399999999957e+00
1.783274760000000070e+00
1.768984069999999909e+00
1.761051530000000032e+00
1.763808480000000012e+00
1.776739000000000068e+00
1.777857779999999943e+00
1.767757889999999943e+00
1.778880830000000079e+00
1.776798719999999943e+00
1.765960329999999967e+00
1.776282780000000061e+00
1.780499099999999890e+00
1.772839419999999944e+00
1.774063109999999943e+00
1.774490469999999931e+00
1.757886520000000008e+00
1.774958840000000038e+00
1.776090020000000047e+00
1.776239990000000102e+00
1.768301480000000092e+00
1.786351559999999949e+00
1.781272289999999980e+00
1.784939400000000065e+00
1.790299890000000005e+00
1.768323300000000042e+00
1.784979099999999930e+00
1.775293819999999911e+00
1.779872169999999976e+00
1.777974720000000008e+00
1.785639280000000051e+00
1.788748620000000011e+00
1.780776499999999984e+00
1.776766889999999988e+00
1.774991750000000090e+00
1.771791569999999982e+00
1.760817999999999994e+00
1.784589399999999992e+00
1.790285340000000058e+00
1.778290509999999935e+00
1.784206500000000029e+00
1.778116339999999962e+00
1.776385899999999962e+00
1.776027910000000043e+00
1.764463539999999941e+00
1.785977479999999895e+00
1.786280150000000067e+00
1.784863590000000055e+00
1.782045120000000038e+00
1.780228369999999893e+00
1.774633759999999949e+00
1.782424919999999968e+00
1.774197929999999923e+00
1.780171509999999957e+00
1.783659209999999939e+00
1.776303879999999946e+00
1.773554319999999906e+00
1.779126159999999901e+00
1.783006070000000109e+00
1.778162950000000020e+00
1.771800870000000083e+00
1.773877850000000089e+00
1.771310439999999931e+00
1.767992009999999947e+00
1.772593139999999901e+00
1.775377390000000055e+00
1.777666680000000055e+00
1.775363440000000015e+00
1.767642139999999973e+00
1.763117309999999938e+00
1.773560519999999974e+00
1.764571899999999971e+00
1.772161480000000067e+00
1.772667519999999941e+00
1.770266169999999972e+00
1.770506139999999951e+00
1.770746820000000055e+00
1.766432760000000046e+00
1.778024309999999941e+00
1.774123190000000072e+00
1.772763960000000028e+00
1.765537499999999982e+00
1.774577019999999949e+00
1.779073469999999935e+00
1.780634880000000031e+00
1.775632139999999914e+00
1.768829580000000012e+00
1.773296470000000014e+00
1.775590650000000048e+00
1.773206110000000058e+00
1.774032709999999957e+00
1.774570460000000072e+00
1.769567249999999925e+00
1.762841820000000004e+00
1.773567190000000071e+00
1.774427889999999897e+00
1.776713959999999926e+00
1.770252939999999997e+00
1.762975570000000047e+00
1.757836100000000012e+00
1.754765619999999915e+00
1.751374839999999988e+00
1.745715609999999973e+00
1.736566059999999911e+00
1.727155919999999956e+00
1.735633610000000049e+00
1.730649110000000102e+00
1.731017819999999929e+00
1.722611899999999974e+00
1.715045919999999890e+00
1.708057160000000074e+00
1.692707409999999912e+00
1.686234229999999945e+00
1.681328050000000074e+00
1.674315210000000054e+00
1.659569850000000013e+00
1.649648299999999956e+00
1.633140679999999900e+00
1.618507740000000084e+00
1.630318039999999913e+00
1.609965799999999891e+00
1.588096970000000052e+00
1.567221640000000082e+00
1.555948969999999987e+00
1.550160760000000026e+00
1.528239719999999968e+00
1.511582369999999953e+00
1.501319279999999923e+00
1.481658810000000104e+00
1.468945020000000046e+00
1.445793029999999924e+00
1.442398070000000088e+00
1.429577819999999999e+00
1.401354779999999911e+00
1.390285489999999902e+00
1.381685730000000056e+00
1.373429650000000057e+00
1.356226560000000081e+00
1.342728249999999957e+00
1.335025780000000051e+00
1.310839770000000071e+00
1.299470899999999984e+00
1.298973670000000080e+00
1.281940340000000011e+00
1.261975520000000017e+00
1.252395270000000060e+00
1.245677230000000080e+00
1.228147620000000106e+00
1.209486360000000094e+00
1.201224440000000060e+00
1.192667240000000017e+00
1.167474979999999940e+00
1.164683460000000004e+00
1.161143180000000052e+00
1.144107100000000043e+00
1.131573310000000054e+00
1.123230329999999944e+00
1.102190009999999942e+00
1.088419669999999950e+00
1.081488720000000070e+00
1.069783680000000015e+00
1.061127420000000043e+00
1.049942249999999966e+00
1.044955010000000017e+00
1.032640449999999932e+00
1.034092900000000093e+00
1.027891869999999930e+00
1.015944119999999895e+00
1.009407160000000081e+00
1.007826560000000038e+00
9.990036479999999663e-01
9.943647979999999942e-01
9.922177189999999980e-01
9.778437610000000335e-01
9.700728650000000064e-01
9.735338679999999689e-01
9.654116029999999515e-01
9.588706489999999638e-01
9.573749299999999574e-01
9.564415809999999851e-01
9.436059589999999941e-01
9.376763099999999573e-01
9.338682879999999908e-01
8.899686329999999534e-01
8.409217589999999909e-01
8.047467470000000400e-01
7.752714149999999638e-01
7.537850729999999722e-01
7.215407489999999813e-01
6.989148849999999857e-01
6.663315890000000019e-01
6.437680719999999690e-01
6.364841460000000284e-01
6.271083349999999612e-01
6.176544419999999702e-01
6.003539559999999664e-01
5.861468909999999477e-01
5.775031440000000238e-01
5.824543829999999645e-01
5.829878440000000328e-01
5.792708389999999818e-01
5.775948760000000348e-01
5.685343139999999851e-01
5.748174190000000516e-01
5.748069879999999632e-01
5.789158939999999864e-01
5.822426670000000470e-01
5.810623160000000231e-01
5.788259500000000335e-01
5.759933590000000381e-01
5.720799559999999451e-01
5.821892610000000134e-01
5.856177209999999800e-01
5.829454659999999677e-01
5.821104040000000257e-01
5.806192749999999902e-01
5.821508760000000393e-01
5.854877819999999566e-01
5.868309729999999780e-01
5.877331489999999548e-01
5.842215410000000109e-01
5.820461510000000116e-01
5.832706680000000476e-01
5.858699080000000503e-01
5.891600839999999728e-01
5.853704210000000296e-01
5.815009469999999903e-01
5.746296039999999605e-01
5.722006549999999470e-01
5.681657789999999819e-01
5.709028240000000309e-01
5.705411430000000284e-01
5.718942879999999729e-01
5.637769689999999612e-01
5.607431529999999942e-01
5.639777179999999612e-01
5.668780199999999825e-01
5.693508980000000497e-01
5.682295560000000245e-01
5.741970530000000128e-01
5.753532049999999787e-01
5.786666270000000445e-01
5.824259510000000528e-01
5.867008559999999928e-01
5.921970600000000529e-01
5.929130910000000032e-01
5.944373600000000257e-01
5.963081709999999980e-01
6.034632920000000400e-01
6.111534229999999734e-01
6.210876699999999806e-01
6.286158560000000284e-01
6.434984200000000154e-01
6.558235879999999574e-01
6.688153140000000496e-01
6.734267470000000477e-01
6.834998129999999561e-01
6.957153670000000290e-01
7.081208820000000070e-01
7.179772850000000206e-01
7.297371019999999708e-01
7.385622849999999850e-01
7.456337800000000238e-01
7.563351980000000419e-01
7.654526230000000542e-01
7.700563660000000477e-01
7.824420920000000335e-01
7.876018280000000038e-01
7.993804209999999522e-01
8.087441319999999489e-01
8.165675989999999773e-01
8.243241310000000155e-01
8.312318319999999483e-01
8.367609969999999509e-01
8.472711440000000316e-01
8.539968129999999658e-01
8.640958659999999902e-01
8.671935200000000510e-01
8.666298980000000096e-01
8.725736729999999941e-01
8.701575390000000354e-01
8.737370370000000497e-01
8.739147179999999793e-01
8.755427590000000038e-01
8.724766369999999993e-01
8.681427240000000323e-01
8.635705700000000373e-01
8.598844399999999721e-01
8.536472910000000303e-01
8.497974870000000180e-01
8.463943600000000123e-01
8.420131800000000277e-01
8.345791099999999574e-01
8.315899960000000535e-01
8.307934989999999909e-01
8.337091800000000497e-01
8.338171239999999651e-01
8.321929569999999554e-01
8.304078569999999715e-01
8.320158119999999657e-01
8.313161129999999677e-01
8.325607769999999741e-01
8.415989270000000522e-01
8.420063850000000238e-01
8.466888660000000399e-01
8.485382190000000380e-01
8.548352120000000109e-01
8.543841829999999637e-01
8.549895880000000226e-01
8.549994819999999773e-01
8.569837799999999728e-01
8.608638039999999547e-01
8.580348490000000439e-01
8.556935190000000135e-01
8.517083519999999464e-01
8.527592419999999729e-01
8.466366520000000451e-01
8.425541519999999451e-01
8.356104490000000329e-01
8.294633030000000407e-01
8.292398450000000310e-01
8.381031749999999780e-01
8.341109749999999767e-01
8.386885520000000316e-01
8.349366780000000432e-01
8.365306850000000516e-01
8.377312420000000426e-01
8.341520420000000380e-01
8.385533689999999929e-01
8.371591560000000154e-01
8.360507480000000102e-01
8.376422519999999761e-01
8.325436710000000406e-01
8.338390580000000218e-01
8.400545710000000277e-01
8.425629730000000484e-01
8.461974260000000303e-01
8.453514570000000283e-01
8.473570339999999534e-01
8.466811770000000070e-01
8.463999030000000090e-01
8.435378669999999968e-01
8.494871849999999780e-01
8.501207819999999638e-01
8.458232279999999825e-01
8.491569749999999805e-01
8.436608909999999684e-01
8.455250260000000129e-01
8.437665699999999935e-01
8.429799669999999967e-01
8.423187130000000522e-01
8.419567340000000399e-01
8.364744779999999658e-01
8.354238859999999489e-01
8.403731580000000090e-01
8.374633190000000393e-01
8.380939960000000077e-01
8.360172510000000168e-01
8.352829809999999799e-01
8.292118309999999548e-01
8.248394129999999658e-01
8.265480990000000361e-01
8.215732569999999457e-01
8.216214170000000205e-01
8.188636299999999535e-01
8.163560029999999967e-01
8.148285149999999755e-01
8.134527799999999864e-01
8.132254479999999619e-01
8.129509679999999960e-01
8.081398010000000465e-01
8.075885170000000057e-01
8.004701130000000386e-01
7.988405819999999657e-01
8.002027860000000548e-01
7.919844379999999573e-01
7.944189310000000503e-01
7.816455960000000536e-01
7.721951599999999916e-01
7.705663440000000142e-01
7.675294870000000103e-01
7.646162499999999973e-01
7.612404820000000516e-01
7.531095140000000354e-01
7.440727350000000406e-01
7.440258260000000012e-01
7.409347889999999826e-01
7.398456930000000265e-01
7.318999760000000077e-01
7.222225060000000418e-01
7.140712729999999508e-01
7.102338070000000503e-01
7.046627989999999508e-01
7.027900209999999870e-01
6.962179539999999722e-01
6.898556940000000193e-01
6.857774850000000200e-01
6.832120409999999922e-01
6.876583689999999915e-01
6.855121250000000277e-01
6.885128609999999760e-01
6.845818750000000064e-01
6.836573479999999980e-01
6.819369189999999747e-01
6.834516520000000206e-01
6.769551029999999470e-01
6.725444790000000284e-01
6.641462439999999967e-01
6.636028280000000334e-01
6.682987799999999812e-01
6.726197600000000110e-01
6.798811550000000148e-01
6.811848280000000200e-01
6.714059709999999903e-01
6.525449749999999716e-01
6.431163540000000012e-01
6.427330369999999515e-01
6.400764580000000148e-01
6.358447670000000329e-01
6.416204570000000329e-01
6.371186370000000432e-01
6.336449979999999593e-01
6.318694350000000348e-01
6.408436889999999941e-01
6.442809699999999529e-01
6.374871730000000181e-01
6.430689689999999903e-01
6.402167079999999677e-01
6.371913550000000148e-01
6.426793330000000193e-01
6.411793820000000199e-01
6.348720190000000096e-01
6.322703360000000439e-01
6.327002040000000438e-01
6.205528970000000477e-01
6.259656540000000380e-01
6.281847350000000496e-01
6.294574139999999929e-01
6.242324110000000426e-01
6.307011839999999703e-01
6.283203950000000315e-01
6.217467180000000315e-01
6.208261840000000031e-01
6.169947980000000110e-01
6.148651240000000406e-01
6.128823749999999793e-01
6.136099099999999806e-01
6.027648439999999663e-01
6.004202960000000200e-01
6.022204749999999773e-01
5.978967539999999747e-01
5.895234339999999573e-01
5.882722129999999883e-01
5.829925529999999689e-01
5.779677619999999960e-01
5.808581109999999548e-01
5.818642370000000064e-01
5.734102119999999747e-01
5.687415590000000076e-01
5.730518690000000470e-01
5.668238399999999677e-01
5.683561560000000012e-01
5.672262310000000252e-01
5.603587620000000102e-01
5.608130690000000529e-01
5.657874339999999780e-01
5.575720659999999773e-01
5.551052090000000439e-01
5.581057069999999509e-01
5.576812620000000109e-01
5.526860350000000199e-01
5.329323409999999761e-01
5.115643140000000200e-01
4.924007049999999941e-01
4.748277659999999845e-01
4.609604769999999796e-01
4.490932519999999983e-01
4.407109610000000122e-01
4.371351889999999796e-01
4.378852240000000173e-01
4.389523559999999880e-01
4.392299949999999842e-01
4.420319489999999796e-01
4.425979549999999874e-01
4.415686719999999954e-01
4.452426429999999935e-01
4.518152770000000151e-01
4.575408389999999770e-01
4.628259530000000121e-01
4.671413300000000213e-01
4.740367529999999774e-01
4.813702699999999890e-01
4.863774180000000058e-01
4.966218760000000176e-01
5.006707310000000355e-01
5.055745839999999935e-01
5.091667770000000148e-01
5.164215559999999483e-01
5.233637089999999548e-01
5.322431920000000316e-01
5.399196739999999606e-01
5.474808810000000303e-01
5.536928770000000277e-01
5.592117899999999864e-01
5.676470390000000199e-01
5.740723599999999482e-01
5.869244329999999676e-01
5.871307249999999645e-01
5.871895550000000297e-01
5.965190519999999941e-01
5.954312680000000135e-01
5.989201060000000076e-01
6.031697390000000381e-01
6.042314170000000484e-01
6.076698299999999664e-01
6.102492800000000051e-01
6.110258100000000026e-01
6.148484939999999677e-01
6.183813209999999838e-01
6.211261740000000309e-01
6.226514570000000193e-01
6.228532789999999819e-01
6.215297570000000160e-01
6.244227289999999542e-01
6.248291129999999916e-01
6.293049450000000045e-01
6.278912420000000161e-01
6.271449919999999567e-01
6.264209739999999638e-01
6.252849099999999716e-01
6.243656869999999470e-01
6.257725950000000426e-01
6.255137920000000129e-01
6.217977399999999877e-01
6.219511620000000018e-01
6.229245660000000129e-01
6.220147599999999999e-01
6.236366620000000083e-01
6.275730720000000096e-01
6.284605260000000193e-01
6.283786289999999664e-01
6.290695659999999689e-01
6.297472710000000529e-01
6.323616499999999974e-01
6.328362220000000038e-01
6.316696400000000322e-01
6.271381369999999844e-01
6.215525859999999625e-01
6.194256540000000477e-01
6.141085020000000005e-01
6.149100659999999774e-01
6.101674430000000315e-01
6.035570500000000393e-01
6.001992219999999767e-01
5.941610929999999735e-01
5.889421099999999631e-01
5.850805040000000012e-01
5.838619470000000478e-01
5.838755960000000522e-01
5.823495979999999683e-01
5.760519499999999793e-01
5.718680619999999548e-01
5.622698659999999515e-01
5.642741319999999838e-01
5.632339109999999760e-01
5.627884260000000083e-01
