5.733575680000000396e-01
5.729477760000000197e-01
5.707090559999999924e-01
5.724901759999999618e-01
5.724844159999999960e-01
5.738532480000000380e-01
5.739336959999999932e-01
5.716618239999999851e-01
5.740284159999999858e-01
5.728616960000000313e-01
5.736902400000000180e-01
5.738551680000000266e-01
5.727345280000000205e-01
5.729859200000000374e-01
5.713310080000000291e-01
5.719210240000000001e-01
5.727368320000000290e-01
5.738052479999999900e-01
5.727344640000000542e-01
5.725914880000000373e-01
5.739735040000000232e-01
5.730467200000000094e-01
1.137060959999999918e-03
-1.234095120000000111e-04
-1.116456480000000052e-04
-1.206135759999999943e-04
-1.185132399999999983e-04
-1.097268240000000001e-04
-1.138676719999999975e-04
-1.075056720000000065e-04
-1.173254000000000067e-04
-1.107187119999999937e-04
-7.707633920000000257e-05
-1.161454480000000057e-04
-1.105058079999999968e-04
-1.178877439999999999e-04
-1.118019200000000058e-04
-1.124639520000000014e-04
-1.139153920000000018e-04
-1.135333359999999978e-04
-1.189370640000000050e-04
-1.098478879999999962e-04
-1.205605040000000031e-04
-1.124885760000000001e-04
-1.089641600000000067e-04
-1.060620479999999999e-04
-1.075488399999999987e-04
-1.057326959999999939e-04
-1.141494560000000017e-04
-1.164211199999999971e-04
-1.202680560000000010e-04
-1.141318160000000009e-04
-1.103745280000000017e-04
-1.174890880000000002e-04
-1.095743759999999933e-04
-1.143041279999999988e-04
-1.167602959999999965e-04
-1.224397200000000075e-04
-1.095265600000000066e-04
-1.120593919999999979e-04
-1.138266319999999996e-04
-1.161798959999999978e-04
-1.170581120000000028e-04
-1.142206719999999990e-04
-1.198269439999999965e-04
-1.190117760000000056e-04
-1.100632879999999942e-04
-1.204543200000000045e-04
-1.198281519999999943e-04
-1.129964079999999963e-04
-1.107320720000000067e-04
-1.149761600000000027e-04
-1.112639280000000003e-04
-1.134501600000000041e-04
-1.136503200000000066e-04
-1.149165920000000017e-04
-1.150694080000000017e-04
-1.141012959999999937e-04
-1.178329919999999997e-04
-1.121120640000000017e-04
-1.150180559999999954e-04
-1.104162239999999939e-04
-1.134380560000000003e-04
-1.132404960000000035e-04
-1.167889920000000009e-04
-1.169507599999999956e-04
-1.091311680000000021e-04
-1.194746880000000037e-04
-1.131397360000000021e-04
-1.083668559999999937e-04
-1.113833359999999998e-04
-1.108984800000000008e-04
-1.182978160000000014e-04
-1.134195999999999940e-04
-1.120094559999999985e-04
-1.211548239999999998e-04
-1.208871999999999968e-04
-1.132223039999999994e-04
-1.228200560000000132e-04
-1.204278799999999980e-04
-1.125601279999999965e-04
-1.178709599999999940e-04
-1.087975599999999938e-04
-1.143344399999999969e-04
-1.186598240000000042e-04
-1.119621279999999998e-04
-1.202601600000000016e-04
-1.121000880000000015e-04
-1.066696879999999933e-04
-1.079422240000000037e-04
-1.134270960000000061e-04
-1.122560959999999999e-04
-1.144117359999999994e-04
-1.202504560000000031e-04
-1.184787120000000007e-04
-1.142989440000000047e-04
-1.129843679999999943e-04
-1.156010159999999970e-04
-1.060252559999999957e-04
-1.195525759999999988e-04
-1.124764640000000011e-04
-1.139338320000000043e-04
-1.113715039999999934e-04
-1.181990560000000044e-04
-1.169623840000000065e-04
-1.108520319999999960e-04
-1.094120719999999990e-04
-1.121900560000000014e-04
-1.112223280000000040e-04
-1.097762400000000039e-04
-1.154454720000000012e-04
-1.230473280000000068e-04
-1.155470639999999985e-04
-1.186927359999999945e-04
-1.167952800000000016e-04
-1.136479200000000013e-04
-1.113353439999999981e-04
-1.165520720000000018e-04
-1.108635280000000033e-04
-1.173089519999999999e-04
-1.184735520000000056e-04
-1.164849519999999956e-04
-1.154216399999999956e-04
-1.174825040000000031e-04
-1.082241040000000038e-04
-1.150482880000000015e-04
-1.070166879999999952e-04
-1.154231040000000004e-04
-1.170583360000000022e-04
-1.137009359999999994e-04
-1.070824880000000040e-04
-1.212183760000000058e-04
-1.118550000000000056e-04
-1.195540559999999939e-04
-1.106551919999999953e-04
-1.154153600000000035e-04
-1.116218560000000024e-04
-1.169152640000000034e-04
-1.180600079999999998e-04
-1.148804879999999995e-04
-1.173157599999999964e-04
-1.165030559999999989e-04
-1.121777440000000021e-04
-1.141435440000000028e-04
-1.124458880000000008e-04
-1.173875039999999981e-04
-1.164606080000000029e-04
-1.117357040000000059e-04
-1.143878640000000046e-04
-1.152959360000000002e-04
-1.145889519999999988e-04
-1.174283120000000014e-04
-1.099554559999999941e-04
-1.189634879999999941e-04
-1.143464720000000038e-04
-1.099255439999999968e-04
-1.170524480000000023e-04
-1.187534399999999965e-04
-1.142799119999999961e-04
-1.064609279999999991e-04
-1.129300319999999988e-04
-1.121829919999999979e-04
-1.066638320000000011e-04
-1.205315600000000004e-04
-1.201285920000000053e-04
-1.203073999999999995e-04
-1.104091039999999973e-04
-1.095548959999999994e-04
-1.070759600000000000e-04
-1.177452720000000025e-04
-1.231895439999999972e-04
-1.229873360000000059e-04
-1.068433200000000021e-04
-1.100927039999999947e-04
-1.179584959999999946e-04
-1.149684479999999999e-04
-1.143379520000000041e-04
-1.103678879999999980e-04
-1.200767840000000050e-04
-1.169620479999999938e-04
-1.112692800000000007e-04
-1.109943199999999968e-04
-1.158028799999999940e-04
-1.177447840000000009e-04
-1.218252480000000051e-04
-1.252186319999999881e-04
-1.201139920000000004e-04
-1.158624800000000027e-04
-1.140647839999999955e-04
-1.123803840000000019e-04
-1.212933120000000059e-04
-1.119744639999999982e-04
-1.198025360000000021e-04
-1.086051840000000046e-04
-1.258081440000000063e-04
-1.087965999999999944e-04
-1.189872880000000056e-04
-1.173156479999999967e-04
-1.159443920000000056e-04
-1.206559679999999972e-04
-1.130737440000000016e-04
-1.149492079999999956e-04
-1.101827599999999954e-04
-1.104684240000000000e-04
-1.133000319999999969e-04
-1.150925199999999976e-04
-1.215016640000000041e-04
-1.157135840000000058e-04
-1.287484480000000069e-04
-1.123682000000000061e-04
-1.174580079999999944e-04
-1.109649279999999952e-04
-1.099668320000000065e-04
-1.163915840000000017e-04
-1.198807520000000012e-04
-1.121070640000000043e-04
-1.160205760000000062e-04
-1.101589680000000061e-04
-1.119268479999999984e-04
-1.095072720000000045e-04
-1.093882640000000059e-04
-1.205891039999999981e-04
-1.145055360000000018e-04
-1.041967760000000060e-04
-1.192787999999999937e-04
-1.093881360000000023e-04
-1.104044800000000018e-04
-1.104213840000000025e-04
-1.277017759999999919e-04
-1.111265999999999941e-04
-1.167602559999999937e-04
-1.198207360000000014e-04
-1.127159200000000042e-04
-1.175364960000000044e-04
-1.184915839999999985e-04
-1.133427280000000049e-04
-1.122915520000000028e-04
-1.147411679999999976e-04
-1.029904079999999976e-04
-1.138472879999999972e-04
-1.141314080000000049e-04
-1.133905200000000061e-04
-1.162649280000000021e-04
-1.108219600000000010e-04
-1.172079919999999980e-04
-1.058878400000000023e-04
-1.113654000000000027e-04
-1.122203360000000055e-04
-1.138741439999999949e-04
-1.130979360000000054e-04
-1.159119359999999957e-04
-1.057623999999999956e-04
-1.132651600000000050e-04
-1.184023519999999986e-04
-1.168435039999999979e-04
-1.105649440000000029e-04
-1.082891679999999990e-04
-1.177931439999999958e-04
-1.172977760000000014e-04
-1.181804959999999935e-04
-1.158102240000000036e-04
-1.080264560000000063e-04
-1.099673359999999984e-04
-1.193981759999999991e-04
-1.123148080000000061e-04
-1.110965040000000002e-04
-1.156065600000000026e-04
-1.138563760000000041e-04
-1.071056560000000065e-04
-1.199880159999999941e-04
-1.164431519999999988e-04
-1.165328000000000034e-04
-1.183766960000000036e-04
-1.147041600000000026e-04
-1.101227280000000052e-04
-1.103192320000000068e-04
-1.147125279999999998e-04
-1.165855040000000014e-04
-1.142421519999999973e-04
-1.112991600000000039e-04
-1.118485039999999957e-04
-1.192575359999999997e-04
-1.160895600000000046e-04
-1.119564560000000042e-04
-1.193620959999999959e-04
-1.112445920000000002e-04
-1.186158880000000044e-04
-1.172293680000000053e-04
-1.142194400000000023e-04
-1.187062079999999937e-04
-1.193736800000000039e-04
-1.115088639999999937e-04
-1.209533279999999960e-04
-1.116395200000000021e-04
-1.097934479999999961e-04
-1.130549680000000000e-04
-1.174875599999999936e-04
-1.150551040000000067e-04
-1.166986719999999980e-04
-1.190203440000000033e-04
-1.066331840000000038e-04
-1.195876720000000037e-04
-1.157252320000000021e-04
-1.228540319999999939e-04
-1.145523759999999988e-04
-1.110244319999999945e-04
-1.191366399999999965e-04
-1.214466959999999996e-04
-1.132517279999999951e-04
-1.238526559999999870e-04
-1.166832239999999934e-04
-1.148907119999999937e-04
-1.201795199999999982e-04
-1.112994720000000040e-04
-1.223445280000000108e-04
-1.135872720000000060e-04
-1.057746560000000018e-04
-1.150281999999999975e-04
-1.169888800000000060e-04
-1.161391919999999991e-04
-1.154027919999999971e-04
-1.246714959999999962e-04
-1.209777919999999971e-04
-1.136598960000000016e-04
-1.195467520000000007e-04
-1.158633599999999965e-04
-1.155895999999999953e-04
-1.122922000000000021e-04
-1.227985039999999908e-04
-1.125061840000000067e-04
-1.186705199999999962e-04
-1.155110719999999960e-04
-1.151047760000000039e-04
-1.215094320000000000e-04
-1.105298160000000039e-04
-1.148672080000000056e-04
-1.156915040000000062e-04
-1.207161920000000062e-04
-1.192680800000000028e-04
-1.167744319999999988e-04
-1.188319760000000044e-04
-1.147412000000000052e-04
-1.215513600000000003e-04
-1.154489200000000066e-04
-1.145732000000000028e-04
-1.163055840000000029e-04
-1.173825599999999938e-04
-1.129540400000000059e-04
-1.214309279999999997e-04
-1.121242319999999937e-04
-1.142145919999999938e-04
-1.167555039999999947e-04
-1.214365920000000002e-04
-1.170213199999999986e-04
-1.101348319999999954e-04
-1.170820719999999984e-04
-1.142150480000000013e-04
-1.145488000000000035e-04
-1.187846159999999981e-04
-1.213128480000000064e-04
-1.091196479999999958e-04
-1.169209359999999991e-04
-1.136891199999999968e-04
-1.115748160000000049e-04
-1.082046959999999932e-04
-1.156965920000000043e-04
-1.116993280000000064e-04
-1.115746640000000024e-04
-1.128889359999999943e-04
-1.122676880000000031e-04
-1.133716719999999941e-04
-1.109766480000000020e-04
-1.110609760000000004e-04
-1.221947759999999919e-04
-1.155626400000000066e-04
-1.060614160000000045e-04
-1.199580000000000058e-04
-1.162645839999999943e-04
-1.155592080000000051e-04
-1.138395519999999954e-04
-1.175129999999999979e-04
-1.159352799999999997e-04
-1.110428479999999980e-04
-1.081038639999999949e-04
-1.096150000000000000e-04
-1.184141039999999994e-04
-1.175068719999999947e-04
-1.555324639999999901e-04
-1.119509199999999937e-04
-1.245459439999999898e-04
-1.185745919999999995e-04
-1.176318000000000009e-04
-1.129306559999999991e-04
-1.125656639999999935e-04
-1.151708079999999937e-04
-1.166899039999999999e-04
-1.166307040000000056e-04
-1.136236879999999948e-04
-1.214867119999999963e-04
-1.161538400000000019e-04
-1.226429199999999923e-04
-1.241353360000000024e-04
-1.163179519999999953e-04
-1.119151280000000052e-04
-1.102842079999999988e-04
-1.231865920000000021e-04
-1.163976480000000031e-04
-1.125061840000000067e-04
-1.108143920000000056e-04
-1.128755200000000018e-04
-1.158021280000000037e-04
-1.182927280000000032e-04
-1.142247359999999960e-04
-1.192295919999999992e-04
-1.137662800000000007e-04
-1.210146399999999944e-04
-1.148992400000000021e-04
-1.255713199999999895e-04
-1.127388480000000035e-04
-1.254347279999999969e-04
-1.117241919999999947e-04
-1.140364319999999989e-04
-1.149370239999999998e-04
-1.169326079999999943e-04
-1.169998800000000030e-04
-1.062408240000000000e-04
-1.156101359999999980e-04
-1.178402320000000047e-04
-1.125135839999999958e-04
-1.085408880000000034e-04
-1.125914879999999948e-04
-1.085468640000000041e-04
-1.179778400000000034e-04
-1.126376160000000043e-04
-1.137186239999999981e-04
-1.104752559999999954e-04
-1.201484400000000060e-04
-1.256900959999999936e-04
-1.071356800000000035e-04
-1.057086239999999985e-04
-1.140367120000000049e-04
-1.202360480000000035e-04
-1.154746400000000034e-04
-1.124345439999999960e-04
-1.173751840000000036e-04
-1.211518879999999950e-04
-1.183836239999999949e-04
-1.170993040000000031e-04
-1.172904959999999936e-04
-1.132765039999999963e-04
-1.117828160000000002e-04
-1.194525680000000013e-04
-1.167241280000000061e-04
-1.117054319999999970e-04
-1.201916640000000048e-04
-1.117359280000000053e-04
-1.169204800000000051e-04
-1.170278000000000046e-04
-1.168993919999999990e-04
-1.137309680000000051e-04
-1.124646400000000034e-04
-1.111557520000000060e-04
-1.166494319999999957e-04
-1.115577279999999940e-04
-1.170842080000000015e-04
-1.194452720000000032e-04
-1.193991920000000051e-04
-1.171170879999999977e-04
-1.125121680000000025e-04
-1.130845439999999982e-04
-1.217059760000000043e-04
-1.144775040000000005e-04
-1.169203119999999988e-04
-1.239728400000000028e-04
-1.253919599999999920e-04
-1.182710559999999996e-04
-1.132999439999999962e-04
-1.183301680000000067e-04
-1.154565040000000059e-04
-1.185875119999999953e-04
-1.117599199999999950e-04
-1.163588000000000014e-04
-1.139932799999999970e-04
-1.192679519999999992e-04
-1.025420720000000055e-04
-1.210496000000000006e-04
-1.144471519999999996e-04
-1.199100159999999993e-04
-1.121476719999999936e-04
-1.081576160000000065e-04
-1.129778000000000011e-04
-1.244203920000000105e-04
-1.087189359999999987e-04
-1.110673839999999960e-04
-1.081397520000000064e-04
-1.120522079999999995e-04
-1.156991120000000045e-04
-1.113769359999999993e-04
-1.153494560000000037e-04
-1.179415520000000046e-04
-1.154090000000000058e-04
-1.164125280000000005e-04
-1.127145840000000029e-04
-1.167425120000000019e-04
-1.166154159999999987e-04
-1.096622960000000045e-04
-1.174990159999999981e-04
-1.145934080000000015e-04
-1.128995279999999953e-04
-1.159323280000000046e-04
-1.178398960000000056e-04
-1.225711999999999895e-04
-1.216392000000000059e-04
-1.138613760000000016e-04
-1.118658719999999991e-04
-1.547199839999999920e-04
-1.193077760000000042e-04
-1.258512479999999967e-04
-1.176005599999999974e-04
-1.194572559999999985e-04
-1.153241440000000030e-04
-1.209480399999999974e-04
-1.203577280000000046e-04
-1.347382239999999958e-04
-1.131382239999999994e-04
-1.116450320000000001e-04
-1.188292400000000000e-04
-1.198603119999999944e-04
-1.090586160000000035e-04
-1.119980240000000065e-04
-1.198977359999999940e-04
-1.126311520000000021e-04
-1.143096960000000034e-04
-1.059154080000000009e-04
-1.159816400000000038e-04
-1.067402959999999942e-04
-1.143566799999999942e-04
-1.137835679999999985e-04
-1.166150480000000054e-04
-1.139278399999999998e-04
-1.197922080000000033e-04
-9.877843839999999979e-05
-1.104989680000000062e-04
-1.174166720000000003e-04
-1.199361839999999948e-04
-1.155708800000000003e-04
-1.174763440000000059e-04
-1.106063199999999998e-04
-1.098123359999999974e-04
-1.134200560000000015e-04
-1.108929119999999962e-04
-1.143589840000000036e-04
-1.159832399999999937e-04
-1.118975279999999937e-04
-1.136352799999999980e-04
-1.228222639999999996e-04
-1.191662960000000002e-04
-1.153084079999999972e-04
-1.155524320000000027e-04
-1.192375599999999955e-04
-1.197496879999999968e-04
-1.171896480000000050e-04
-1.171434880000000013e-04
-1.173830160000000013e-04
-1.153020240000000006e-04
-1.127981359999999985e-04
-1.231984960000000054e-04
-1.111742400000000064e-04
-1.184264239999999939e-04
-1.201212959999999936e-04
-1.196490399999999951e-04
-1.062815440000000025e-04
-1.152422480000000039e-04
-1.169142800000000051e-04
-1.156661359999999988e-04
-1.156372480000000027e-04
-1.139641200000000035e-04
-1.174643359999999980e-04
-1.147224880000000054e-04
-1.123155040000000033e-04
-1.124947199999999935e-04
-1.195161040000000034e-04
-1.134560080000000012e-04
-1.137190400000000028e-04
-1.103448240000000000e-04
-1.103258239999999990e-04
-1.142026880000000040e-04
-1.172559839999999997e-04
-1.125731119999999941e-04
-1.165684800000000058e-04
-1.096339760000000020e-04
-1.144719839999999939e-04
-1.145538559999999939e-04
-1.176497440000000066e-04
-1.198449120000000012e-04
-1.153024319999999966e-04
-1.118611919999999970e-04
-1.258566640000000124e-04
-1.163050319999999995e-04
-1.124038319999999969e-04
-1.211199840000000020e-04
-1.147038000000000045e-04
-1.130489519999999966e-04
-1.132284239999999939e-04
-1.194332159999999973e-04
-1.168735279999999949e-04
-1.168912799999999953e-04
-1.108573920000000050e-04
-1.203566479999999969e-04
-1.185264959999999932e-04
-1.153608879999999957e-04
-1.117233359999999999e-04
-1.143638640000000062e-04
-1.150607199999999957e-04
-1.126910720000000061e-04
-1.148717840000000031e-04
-1.187303839999999936e-04
-1.116519600000000050e-04
-1.206792479999999995e-04
-1.180726639999999934e-04
-1.161621279999999935e-04
-1.145361199999999973e-04
-1.165657680000000004e-04
-1.155337759999999959e-04
-1.125841919999999967e-04
-1.149533040000000003e-04
-1.207802559999999993e-04
-1.143740640000000014e-04
-1.193185119999999990e-04
-1.145964079999999946e-04
-1.088843200000000051e-04
-1.178507200000000011e-04
-1.109399679999999974e-04
-1.198028319999999984e-04
-1.192653120000000043e-04
-1.178460320000000039e-04
-1.260345920000000128e-04
-1.152655760000000041e-04
-1.157254159999999987e-04
-1.164988320000000043e-04
-1.228270320000000024e-04
-1.150260799999999983e-04
-1.127201439999999988e-04
-1.083174719999999977e-04
-1.211989760000000039e-04
-1.132100879999999959e-04
-1.194862079999999964e-04
-1.221167599999999933e-04
-1.249077440000000106e-04
-1.088018480000000037e-04
-1.169635119999999986e-04
-1.234169359999999992e-04
-1.118544319999999984e-04
-1.158689200000000060e-04
-1.156117120000000025e-04
-1.201311840000000023e-04
-1.142439839999999954e-04
-1.190048319999999969e-04
-1.172002319999999973e-04
-1.188894240000000062e-04
-1.192852320000000019e-04
-1.165612239999999969e-04
-1.144463200000000037e-04
-1.187524639999999932e-04
-1.183408080000000057e-04
-1.100140320000000016e-04
-1.134907439999999944e-04
-1.154619040000000042e-04
-1.228688640000000069e-04
-1.215739839999999946e-04
-1.152883119999999982e-04
-1.177616239999999999e-04
-1.157072960000000050e-04
-1.199837999999999946e-04
-1.066869360000000019e-04
-1.126723440000000024e-04
-1.222705199999999889e-04
-1.196464239999999992e-04
-1.181682719999999949e-04
-1.200645519999999977e-04
