2.173364479999999876e-01
2.166637279999999999e-01
2.163429279999999899e-01
2.161285599999999973e-01
2.158598079999999864e-01
2.154125279999999920e-01
2.153929280000000113e-01
2.156053759999999875e-01
2.160055200000000064e-01
2.156686240000000032e-01
2.153224479999999996e-01
2.152778399999999981e-01
2.157770400000000033e-01
2.191998559999999985e-01
2.203260479999999966e-01
2.205988479999999863e-01
2.204726880000000000e-01
2.206214880000000045e-01
2.211618559999999900e-01
2.216555839999999888e-01
2.221582559999999984e-01
2.225835039999999876e-01
2.223691680000000059e-01
2.232362880000000049e-01
2.232706399999999924e-01
2.233583199999999991e-01
2.231859200000000099e-01
2.232748800000000089e-01
2.232850239999999986e-01
2.226385760000000047e-01
2.223368000000000011e-01
2.224737440000000011e-01
2.222796160000000132e-01
2.222444640000000027e-01
2.215608159999999938e-01
2.210515040000000098e-01
2.208516799999999947e-01
2.205034080000000118e-01
2.207176799999999994e-01
2.206056479999999875e-01
2.206404959999999915e-01
2.208202400000000010e-01
2.202919040000000106e-01
2.200373760000000067e-01
2.196756960000000036e-01
2.195763840000000133e-01
2.196435200000000088e-01
2.194882079999999902e-01
2.195346400000000031e-01
2.196600800000000075e-01
2.197568799999999878e-01
2.198946559999999939e-01
2.198102399999999901e-01
2.200504960000000121e-01
2.200484639999999992e-01
2.197789440000000039e-01
2.198332960000000114e-01
2.197543839999999971e-01
2.197561279999999950e-01
2.197270400000000123e-01
2.195136000000000032e-01
2.195358560000000014e-01
2.195112640000000115e-01
2.196709599999999984e-01
2.195646400000000054e-01
2.196785599999999949e-01
2.195553600000000050e-01
2.194818400000000114e-01
2.194843680000000130e-01
2.193628479999999992e-01
2.193433280000000041e-01
2.194002559999999880e-01
