5.343254400000000404e-01
5.292627199999999643e-01
5.328163519999999931e-01
5.352841600000000088e-01
5.307771519999999743e-01
5.300430720000000040e-01
5.284887679999999976e-01
5.297876160000000167e-01
5.289030080000000078e-01
5.278599999999999959e-01
5.282470080000000179e-01
5.272836159999999550e-01
5.290798399999999679e-01
5.306004800000000410e-01
5.302290560000000319e-01
5.336199999999999832e-01
5.248266560000000025e-01
5.223004479999999727e-01
5.227211200000000391e-01
5.313925120000000391e-01
5.321534719999999608e-01
5.318229119999999810e-01
5.315095680000000433e-01
5.300980800000000270e-01
5.283556480000000111e-01
5.298925759999999485e-01
5.318574719999999978e-01
5.329513919999999683e-01
5.322489599999999932e-01
5.328528319999999985e-01
5.336694079999999563e-01
5.345433920000000061e-01
5.354598720000000034e-01
5.366820159999999840e-01
5.379110400000000070e-01
5.384947199999999823e-01
5.395509120000000491e-01
5.384200319999999929e-01
5.371265280000000475e-01
5.380483839999999907e-01
5.392050560000000159e-01
5.378365440000000275e-01
5.359024319999999841e-01
5.291951360000000104e-01
5.283545920000000118e-01
5.362931520000000507e-01
5.380469759999999546e-01
5.348272320000000413e-01
5.212249599999999594e-01
5.239371200000000339e-01
5.170614080000000001e-01
5.143854719999999547e-01
5.141337919999999784e-01
5.127601600000000204e-01
5.150318080000000354e-01
5.200209599999999766e-01
5.191565759999999807e-01
5.156623359999999989e-01
5.195354880000000453e-01
5.205998400000000359e-01
5.171619520000000358e-01
5.196979520000000186e-01
5.211413759999999895e-01
5.193921919999999748e-01
5.152551680000000411e-01
5.154096000000000233e-01
5.147117119999999879e-01
5.083764160000000532e-01
5.117031359999999474e-01
5.166326079999999932e-01
5.165426880000000276e-01
5.061684480000000486e-01
5.110505920000000257e-01
5.153649599999999831e-01
5.166250559999999714e-01
5.154423679999999841e-01
5.103528000000000509e-01
5.128811199999999682e-01
5.144594559999999817e-01
5.154388479999999495e-01
5.075589759999999950e-01
5.074490560000000094e-01
5.111124160000000138e-01
5.135573119999999880e-01
5.135522559999999848e-01
5.112188479999999480e-01
5.118218879999999471e-01
5.082805759999999839e-01
5.006429759999999618e-01
4.980970559999999825e-01
5.011255679999999657e-01
5.035856960000000271e-01
5.032129279999999483e-01
5.041304319999999617e-01
5.063100480000000125e-01
5.084862079999999951e-01
5.076814400000000393e-01
5.090511680000000538e-01
5.091504000000000030e-01
5.082467200000000407e-01
5.068828159999999583e-01
5.047537279999999571e-01
5.056351679999999682e-01
5.057976320000000525e-01
5.061497600000000041e-01
5.088691520000000468e-01
5.185436799999999513e-01
5.189412479999999661e-01
5.200921920000000087e-01
5.190767360000000386e-01
5.182576960000000454e-01
5.187004480000000362e-01
5.180614080000000010e-01
5.188085759999999658e-01
5.174806079999999531e-01
5.152872320000000395e-01
5.138707200000000030e-01
5.123201600000000244e-01
5.131966399999999817e-01
5.144364479999999906e-01
5.134770880000000259e-01
5.115735999999999617e-01
5.109630720000000181e-01
5.119976320000000358e-01
5.132238719999999699e-01
5.119108479999999739e-01
5.111695680000000186e-01
5.116229759999999516e-01
5.133559359999999572e-01
5.129422080000000106e-01
5.113884480000000510e-01
5.106593280000000235e-01
5.088618560000000013e-01
5.136700480000000457e-01
5.189140159999999780e-01
5.174507520000000138e-01
5.170519999999999561e-01
5.185777599999999987e-01
5.168230080000000282e-01
5.153821760000000252e-01
5.148781759999999652e-01
5.151863679999999501e-01
5.171415360000000128e-01
5.196574400000000260e-01
5.219386879999999840e-01
5.215541759999999805e-01
5.189266559999999862e-01
5.178785919999999710e-01
5.173554559999999913e-01
5.164142720000000075e-01
5.158297920000000092e-01
5.139584000000000374e-01
5.126122880000000270e-01
5.218854080000000506e-01
5.269321599999999828e-01
5.279203519999999816e-01
5.247113599999999600e-01
5.214268159999999597e-01
5.187941759999999958e-01
5.235498560000000356e-01
5.280788480000000451e-01
5.286754559999999881e-01
5.294046399999999819e-01
5.319722559999999767e-01
5.314692800000000439e-01
5.345990080000000422e-01
5.323837120000000089e-01
5.297996480000000119e-01
5.302916800000000430e-01
5.310020159999999656e-01
5.338770879999999996e-01
5.358438399999999602e-01
5.351800960000000495e-01
5.348060799999999615e-01
5.371572479999999761e-01
5.398113279999999792e-01
5.420521600000000051e-01
5.402077440000000452e-01
5.361096960000000244e-01
5.355316479999999713e-01
5.357644480000000042e-01
5.367369279999999465e-01
5.366806720000000253e-01
5.368821759999999887e-01
5.396094719999999789e-01
5.436887679999999889e-01
5.456194559999999472e-01
5.451928320000000161e-01
5.438980479999999673e-01
5.436261119999999947e-01
5.432389119999999627e-01
5.439809920000000520e-01
5.405554559999999897e-01
5.389168640000000510e-01
5.370034559999999901e-01
5.452198400000000111e-01
5.488476799999999489e-01
5.470362880000000372e-01
3.671231679999999945e-03
5.377415679999999476e-01
5.380774400000000179e-01
5.394656639999999559e-01
5.402540160000000036e-01
5.413224960000000419e-01
5.389129599999999964e-01
5.397462400000000438e-01
5.411333759999999993e-01
5.412300159999999805e-01
5.416953599999999591e-01
5.417460480000000356e-01
5.425667199999999468e-01
5.444939519999999478e-01
5.441043840000000520e-01
5.418849919999999543e-01
5.448241919999999849e-01
5.527371519999999538e-01
5.573780480000000148e-01
5.580807679999999493e-01
5.577370240000000257e-01
5.584550400000000137e-01
5.576526080000000496e-01
5.597639039999999788e-01
5.590702079999999574e-01
5.534808960000000555e-01
5.485061759999999564e-01
3.318414400000000136e-03
3.131677120000000199e-03
1.220897280000000050e-02
1.171315040000000043e-02
1.153668480000000045e-02
1.154000640000000036e-02
0.000000000000000000e+00
0.000000000000000000e+00
0.000000000000000000e+00
0.000000000000000000e+00
0.000000000000000000e+00
0.000000000000000000e+00
0.000000000000000000e+00
0.000000000000000000e+00
0.000000000000000000e+00
0.000000000000000000e+00
0.000000000000000000e+00
0.000000000000000000e+00
0.000000000000000000e+00
0.000000000000000000e+00
0.000000000000000000e+00
0.000000000000000000e+00
0.000000000000000000e+00
0.000000000000000000e+00
0.000000000000000000e+00
0.000000000000000000e+00
0.000000000000000000e+00
0.000000000000000000e+00
0.000000000000000000e+00
0.000000000000000000e+00
0.000000000000000000e+00
0.000000000000000000e+00
0.000000000000000000e+00
0.000000000000000000e+00
0.000000000000000000e+00
0.000000000000000000e+00
0.000000000000000000e+00
0.000000000000000000e+00
0.000000000000000000e+00
0.000000000000000000e+00
0.000000000000000000e+00
0.000000000000000000e+00
0.000000000000000000e+00
0.000000000000000000e+00
0.000000000000000000e+00
0.000000000000000000e+00
0.000000000000000000e+00
0.000000000000000000e+00
0.000000000000000000e+00
0.000000000000000000e+00
0.000000000000000000e+00
0.000000000000000000e+00
0.000000000000000000e+00
0.000000000000000000e+00
0.000000000000000000e+00
0.000000000000000000e+00
0.000000000000000000e+00
0.000000000000000000e+00
0.000000000000000000e+00
0.000000000000000000e+00
0.000000000000000000e+00
0.000000000000000000e+00
0.000000000000000000e+00
0.000000000000000000e+00
0.000000000000000000e+00
0.000000000000000000e+00
0.000000000000000000e+00
0.000000000000000000e+00
0.000000000000000000e+00
0.000000000000000000e+00
0.000000000000000000e+00
0.000000000000000000e+00
0.000000000000000000e+00
0.000000000000000000e+00
0.000000000000000000e+00
