2.223898400000000053e-01
2.198160000000000114e-01
2.186888160000000081e-01
2.183827839999999965e-01
2.182021439999999868e-01
2.180492960000000036e-01
2.179395040000000061e-01
2.178285440000000128e-01
2.178046560000000131e-01
2.178451999999999888e-01
2.178904959999999891e-01
2.179380479999999953e-01
2.181064799999999915e-01
2.183305600000000068e-01
2.182322560000000133e-01
2.179944480000000073e-01
2.178868640000000134e-01
2.178146880000000063e-01
2.177819840000000118e-01
2.178192800000000040e-01
2.179091360000000033e-01
2.180514239999999937e-01
2.179460960000000058e-01
2.175921600000000067e-01
2.175288800000000078e-01
2.174653440000000049e-01
2.174016000000000004e-01
2.174009440000000126e-01
2.173352960000000111e-01
2.173809439999999926e-01
2.174834079999999892e-01
2.174721279999999868e-01
2.175596959999999969e-01
2.176439199999999907e-01
2.178202079999999874e-01
2.179743680000000017e-01
2.182128640000000064e-01
2.181912159999999934e-01
2.183134559999999891e-01
2.186076000000000130e-01
2.188363680000000033e-01
2.190132800000000046e-01
2.190282239999999936e-01
2.190439839999999971e-01
2.189364480000000057e-01
2.187582399999999927e-01
2.187805760000000044e-01
2.189634239999999898e-01
2.190838240000000103e-01
2.190952160000000093e-01
2.190973439999999994e-01
2.189674400000000132e-01
2.190330560000000037e-01
2.190914240000000068e-01
2.191204639999999870e-01
2.189240960000000125e-01
2.190318559999999970e-01
2.189355679999999971e-01
2.189721440000000074e-01
2.191270240000000036e-01
2.191210239999999976e-01
2.190617280000000111e-01
2.190858400000000039e-01
2.186093600000000026e-01
2.187480800000000114e-01
2.184527679999999916e-01
2.182881439999999895e-01
2.181486880000000073e-01
2.181687680000000129e-01
2.180128960000000116e-01
2.183259840000000007e-01
2.184174560000000098e-01
2.180946559999999979e-01
2.176964959999999893e-01
2.172440800000000061e-01
2.168893440000000117e-01
2.169134400000000129e-01
2.168980000000000075e-01
2.167748959999999947e-01
2.166591039999999913e-01
2.163071360000000110e-01
2.163706880000000055e-01
2.164011200000000024e-01
2.162357759999999907e-01
2.160418879999999875e-01
2.158121440000000113e-01
2.156865759999999910e-01
2.155977279999999885e-01
2.156374560000000051e-01
2.155179999999999874e-01
2.155096479999999981e-01
2.154420800000000080e-01
2.154492960000000124e-01
2.154032160000000085e-01
2.153931360000000128e-01
2.154031359999999951e-01
2.154516800000000065e-01
2.154903999999999986e-01
2.155168480000000109e-01
2.155064160000000062e-01
2.155808959999999941e-01
2.156028160000000027e-01
2.155276799999999993e-01
2.153895200000000010e-01
2.154207999999999956e-01
2.154673440000000051e-01
2.155822239999999890e-01
2.157995839999999887e-01
2.158435200000000109e-01
2.159044159999999879e-01
2.160657440000000040e-01
2.163489279999999959e-01
2.164153759999999926e-01
2.164140479999999978e-01
2.166802240000000046e-01
2.168780160000000068e-01
2.172135040000000017e-01
2.176819200000000010e-01
2.180752800000000102e-01
2.178784800000000133e-01
2.178254079999999981e-01
2.178170239999999980e-01
2.177825760000000055e-01
2.177969439999999923e-01
2.174795200000000095e-01
2.171739839999999866e-01
2.173907200000000095e-01
2.176293440000000023e-01
2.179875679999999927e-01
2.181135040000000136e-01
2.181145280000000020e-01
2.181168639999999936e-01
2.181981600000000021e-01
2.182871680000000036e-01
2.183285600000000048e-01
2.182322080000000109e-01
2.180813600000000019e-01
2.180203840000000115e-01
2.180878559999999966e-01
2.181328640000000096e-01
2.179324159999999899e-01
2.177885760000000115e-01
2.177734400000000126e-01
2.180139839999999940e-01
2.180668000000000051e-01
2.179942880000000083e-01
2.179378240000000022e-01
2.178241760000000082e-01
2.177141760000000092e-01
2.175161439999999946e-01
2.170576160000000088e-01
2.172648960000000129e-01
2.172553439999999891e-01
2.174119200000000085e-01
2.174042880000000011e-01
2.172780639999999930e-01
2.174208159999999890e-01
2.175586880000000001e-01
2.174831999999999876e-01
2.172708479999999887e-01
2.171231359999999944e-01
2.170454079999999952e-01
2.170369279999999901e-01
2.168686559999999930e-01
2.166564800000000124e-01
2.164175999999999878e-01
2.162133599999999933e-01
2.164307040000000015e-01
2.163828160000000056e-01
2.163120960000000093e-01
2.157317440000000031e-01
2.157038559999999994e-01
2.156658880000000000e-01
2.155008160000000117e-01
2.151925600000000049e-01
2.150856800000000013e-01
2.151158240000000110e-01
2.151503680000000085e-01
2.152530079999999957e-01
2.152882399999999918e-01
2.154037440000000081e-01
2.154295679999999880e-01
2.154907199999999967e-01
2.155248160000000079e-01
2.154639839999999973e-01
2.154418879999999981e-01
2.156137599999999876e-01
2.157940640000000077e-01
2.157081439999999906e-01
2.158808479999999863e-01
2.160306240000000044e-01
2.163764960000000015e-01
2.167570080000000010e-01
2.168829760000000051e-01
2.172053760000000056e-01
2.178550880000000023e-01
2.183901759999999914e-01
2.184615679999999949e-01
2.181020959999999953e-01
2.175367360000000083e-01
2.172151360000000031e-01
2.166558879999999909e-01
2.161400800000000122e-01
2.156295039999999996e-01
2.155208640000000064e-01
2.154136160000000022e-01
2.154015200000000130e-01
2.154010560000000074e-01
2.153663359999999916e-01
2.152994079999999977e-01
2.152940160000000047e-01
2.153234400000000048e-01
2.153471040000000114e-01
2.153509600000000079e-01
2.153849760000000058e-01
2.153766239999999887e-01
2.152982400000000018e-01
2.152458879999999963e-01
2.151128160000000122e-01
2.150208640000000060e-01
2.149863360000000001e-01
2.149401760000000106e-01
2.148976160000000135e-01
2.148676800000000053e-01
2.148279200000000055e-01
2.148585600000000040e-01
2.148620800000000108e-01
2.148674879999999954e-01
2.150071040000000044e-01
2.151442879999999891e-01
2.151815679999999897e-01
2.152878079999999972e-01
2.156035839999999870e-01
2.160381600000000069e-01
2.164089760000000029e-01
2.167608159999999951e-01
2.171338399999999946e-01
2.175929279999999910e-01
2.181467840000000102e-01
2.186128479999999985e-01
2.188240959999999957e-01
2.190159040000000112e-01
0.000000000000000000e+00
0.000000000000000000e+00
0.000000000000000000e+00
0.000000000000000000e+00
0.000000000000000000e+00
0.000000000000000000e+00
0.000000000000000000e+00
0.000000000000000000e+00
0.000000000000000000e+00
0.000000000000000000e+00
0.000000000000000000e+00
0.000000000000000000e+00
0.000000000000000000e+00
0.000000000000000000e+00
0.000000000000000000e+00
0.000000000000000000e+00
0.000000000000000000e+00
0.000000000000000000e+00
0.000000000000000000e+00
0.000000000000000000e+00
0.000000000000000000e+00
0.000000000000000000e+00
0.000000000000000000e+00
0.000000000000000000e+00
0.000000000000000000e+00
0.000000000000000000e+00
0.000000000000000000e+00
0.000000000000000000e+00
0.000000000000000000e+00
0.000000000000000000e+00
0.000000000000000000e+00
0.000000000000000000e+00
0.000000000000000000e+00
0.000000000000000000e+00
0.000000000000000000e+00
0.000000000000000000e+00
0.000000000000000000e+00
0.000000000000000000e+00
0.000000000000000000e+00
0.000000000000000000e+00
0.000000000000000000e+00
0.000000000000000000e+00
0.000000000000000000e+00
0.000000000000000000e+00
0.000000000000000000e+00
0.000000000000000000e+00
0.000000000000000000e+00
0.000000000000000000e+00
0.000000000000000000e+00
0.000000000000000000e+00
0.000000000000000000e+00
0.000000000000000000e+00
0.000000000000000000e+00
0.000000000000000000e+00
0.000000000000000000e+00
0.000000000000000000e+00
0.000000000000000000e+00
0.000000000000000000e+00
