1.964369770000000015e+00
1.963811270000000109e+00
1.963543770000000022e+00
1.962877390000000055e+00
1.961552140000000000e+00
1.959487310000000093e+00
1.958839530000000106e+00
1.959855069999999921e+00
1.961794370000000010e+00
1.962898730000000036e+00
1.963091249999999954e+00
1.962433929999999993e+00
1.963467829999999914e+00
1.888058660000000000e+00
1.720433230000000036e+00
1.719022150000000027e+00
1.716744540000000097e+00
1.717280979999999957e+00
1.716714260000000047e+00
1.718441600000000014e+00
1.717609879999999922e+00
1.718499540000000048e+00
1.719214669999999945e+00
1.725066180000000005e+00
1.725106349999999900e+00
1.725170249999999905e+00
1.725149629999999989e+00
1.725869529999999985e+00
1.726873389999999953e+00
1.726802579999999976e+00
1.726739999999999942e+00
1.727225540000000059e+00
1.727893109999999899e+00
1.728650680000000106e+00
1.730060329999999924e+00
1.730493779999999981e+00
1.730306860000000002e+00
1.730141520000000099e+00
1.730305070000000001e+00
1.729667419999999955e+00
1.729322550000000014e+00
1.729846109999999992e+00
1.729654070000000043e+00
1.729207270000000074e+00
1.729840150000000021e+00
1.729409809999999936e+00
1.729901190000000089e+00
1.729404090000000060e+00
1.729466549999999936e+00
1.728726020000000085e+00
1.728858229999999940e+00
1.727875700000000014e+00
1.727804300000000071e+00
1.727841130000000058e+00
1.727260940000000078e+00
1.727667569999999930e+00
1.727093809999999952e+00
1.727763769999999921e+00
1.728023639999999972e+00
1.728904240000000092e+00
1.732144109999999904e+00
1.732413289999999995e+00
1.734218349999999909e+00
1.734654659999999904e+00
1.734487890000000032e+00
1.734660019999999969e+00
1.733941549999999943e+00
1.733975409999999995e+00
1.734554170000000006e+00
1.734678979999999981e+00
1.734452719999999948e+00
1.735165590000000035e+00
