1.042567119999999958e+00
1.042341839999999964e+00
1.042122159999999909e+00
1.042268720000000037e+00
1.043914159999999924e+00
1.044121120000000014e+00
1.043771039999999983e+00
1.043557040000000047e+00
1.043257840000000103e+00
1.043263920000000011e+00
1.041737039999999892e+00
1.040767039999999977e+00
1.041145599999999893e+00
1.041287759999999896e+00
1.040956159999999908e+00
1.040005120000000005e+00
1.039529600000000054e+00
1.039774799999999999e+00
1.040153520000000054e+00
1.040135840000000034e+00
1.040097679999999913e+00
1.040434480000000050e+00
1.040374160000000048e+00
1.039731519999999909e+00
1.039057040000000098e+00
1.038772079999999987e+00
1.038842400000000055e+00
1.039277519999999955e+00
1.038350960000000045e+00
1.037489279999999958e+00
1.038038959999999955e+00
1.038424400000000025e+00
1.039285999999999932e+00
1.038710959999999961e+00
1.038223600000000024e+00
1.039264799999999989e+00
1.039507119999999896e+00
1.039802799999999916e+00
1.040030400000000022e+00
1.039243200000000034e+00
1.038777840000000063e+00
1.039734640000000043e+00
1.040250560000000046e+00
1.040399759999999896e+00
1.040023839999999922e+00
1.038740240000000092e+00
1.038923599999999947e+00
1.039783679999999988e+00
1.039699039999999908e+00
1.038868560000000052e+00
1.038116320000000092e+00
1.038887279999999969e+00
1.039088639999999897e+00
1.039168960000000030e+00
1.038809679999999958e+00
1.037512079999999948e+00
1.037841199999999908e+00
1.038235680000000105e+00
1.038608159999999891e+00
1.038418639999999948e+00
1.038361279999999942e+00
1.038206559999999889e+00
1.038204160000000043e+00
1.037966479999999914e+00
1.037752639999999893e+00
1.037648640000000011e+00
1.037469839999999976e+00
1.037940480000000054e+00
1.037840160000000012e+00
1.037801280000000048e+00
1.037250159999999921e+00
1.036512399999999889e+00
1.036940479999999942e+00
1.036528719999999959e+00
1.036625759999999952e+00
1.036777279999999912e+00
1.036370959999999952e+00
1.036100479999999990e+00
1.037010079999999945e+00
1.037082559999999987e+00
1.036202880000000048e+00
1.036740079999999953e+00
1.035771039999999976e+00
1.035749519999999979e+00
1.036394000000000037e+00
1.036047200000000057e+00
1.035605920000000069e+00
1.035469999999999891e+00
1.036510080000000000e+00
1.036837840000000011e+00
1.037159359999999975e+00
1.035918560000000044e+00
1.035078319999999996e+00
1.036738479999999907e+00
1.037473199999999984e+00
1.037331599999999909e+00
1.036443199999999898e+00
1.036399759999999892e+00
1.036305040000000011e+00
1.037039199999999939e+00
1.037184719999999949e+00
1.036774000000000084e+00
1.036349760000000009e+00
1.037338960000000032e+00
1.037660800000000050e+00
1.037534479999999926e+00
1.037350800000000017e+00
1.036734080000000002e+00
1.036142799999999919e+00
1.036647279999999949e+00
1.036821119999999929e+00
1.036458399999999891e+00
1.036249760000000020e+00
1.036354879999999978e+00
1.036248480000000027e+00
1.036528560000000043e+00
1.036197999999999952e+00
1.036626719999999890e+00
1.036526559999999986e+00
1.036344799999999955e+00
1.036382319999999968e+00
1.036134639999999996e+00
1.036213760000000095e+00
1.036380400000000090e+00
1.036120560000000079e+00
1.035742160000000078e+00
1.035965999999999942e+00
1.035960559999999919e+00
1.035336639999999919e+00
1.036030559999999934e+00
1.036136720000000011e+00
1.036065440000000004e+00
1.035912640000000051e+00
1.036148319999999901e+00
1.035794000000000104e+00
1.035919199999999929e+00
1.035918799999999917e+00
1.035502799999999946e+00
1.035704959999999897e+00
1.036067759999999893e+00
1.035482079999999971e+00
1.035553919999999906e+00
1.035526640000000054e+00
1.035606400000000038e+00
1.035679680000000102e+00
1.035703519999999989e+00
1.035368239999999940e+00
1.035347199999999912e+00
1.035722959999999970e+00
1.035504959999999919e+00
1.035460719999999890e+00
1.035758720000000022e+00
1.035645120000000086e+00
1.036132239999999927e+00
1.036211519999999942e+00
1.035800239999999928e+00
1.035333599999999965e+00
1.035654400000000086e+00
1.035954480000000011e+00
1.035482639999999899e+00
1.035355119999999962e+00
1.034809120000000027e+00
1.034928319999999902e+00
1.035447039999999985e+00
1.035789759999999893e+00
1.035481840000000098e+00
1.035259759999999973e+00
1.035277999999999921e+00
1.035076399999999897e+00
1.034911759999999958e+00
1.034845599999999921e+00
1.035162719999999981e+00
1.036410480000000023e+00
1.036089199999999932e+00
1.035699759999999969e+00
1.033598400000000028e+00
1.036329279999999908e+00
1.037041520000000050e+00
1.036786800000000008e+00
1.036095039999999967e+00
1.035816400000000082e+00
1.035330080000000041e+00
1.034831760000000100e+00
1.033082959999999995e+00
1.033965680000000109e+00
1.032661199999999946e+00
1.033361760000000018e+00
1.035088559999999935e+00
1.036790719999999943e+00
1.036667199999999900e+00
1.035215599999999903e+00
1.034442319999999915e+00
1.034790160000000014e+00
1.034557359999999981e+00
1.035088400000000020e+00
1.035499919999999907e+00
0.000000000000000000e+00
0.000000000000000000e+00
0.000000000000000000e+00
0.000000000000000000e+00
0.000000000000000000e+00
0.000000000000000000e+00
0.000000000000000000e+00
0.000000000000000000e+00
0.000000000000000000e+00
0.000000000000000000e+00
0.000000000000000000e+00
0.000000000000000000e+00
0.000000000000000000e+00
0.000000000000000000e+00
0.000000000000000000e+00
0.000000000000000000e+00
0.000000000000000000e+00
0.000000000000000000e+00
0.000000000000000000e+00
0.000000000000000000e+00
0.000000000000000000e+00
0.000000000000000000e+00
0.000000000000000000e+00
0.000000000000000000e+00
0.000000000000000000e+00
0.000000000000000000e+00
0.000000000000000000e+00
0.000000000000000000e+00
0.000000000000000000e+00
0.000000000000000000e+00
0.000000000000000000e+00
0.000000000000000000e+00
0.000000000000000000e+00
0.000000000000000000e+00
0.000000000000000000e+00
0.000000000000000000e+00
0.000000000000000000e+00
0.000000000000000000e+00
0.000000000000000000e+00
0.000000000000000000e+00
0.000000000000000000e+00
0.000000000000000000e+00
0.000000000000000000e+00
0.000000000000000000e+00
0.000000000000000000e+00
0.000000000000000000e+00
0.000000000000000000e+00
0.000000000000000000e+00
0.000000000000000000e+00
0.000000000000000000e+00
0.000000000000000000e+00
0.000000000000000000e+00
0.000000000000000000e+00
0.000000000000000000e+00
0.000000000000000000e+00
0.000000000000000000e+00
0.000000000000000000e+00
0.000000000000000000e+00
0.000000000000000000e+00
0.000000000000000000e+00
0.000000000000000000e+00
0.000000000000000000e+00
0.000000000000000000e+00
0.000000000000000000e+00
0.000000000000000000e+00
0.000000000000000000e+00
0.000000000000000000e+00
0.000000000000000000e+00
0.000000000000000000e+00
0.000000000000000000e+00
0.000000000000000000e+00
0.000000000000000000e+00
0.000000000000000000e+00
0.000000000000000000e+00
0.000000000000000000e+00
0.000000000000000000e+00
0.000000000000000000e+00
0.000000000000000000e+00
0.000000000000000000e+00
0.000000000000000000e+00
0.000000000000000000e+00
0.000000000000000000e+00
0.000000000000000000e+00
0.000000000000000000e+00
0.000000000000000000e+00
0.000000000000000000e+00
0.000000000000000000e+00
0.000000000000000000e+00
0.000000000000000000e+00
0.000000000000000000e+00
0.000000000000000000e+00
0.000000000000000000e+00
0.000000000000000000e+00
0.000000000000000000e+00
0.000000000000000000e+00
0.000000000000000000e+00
0.000000000000000000e+00
0.000000000000000000e+00
0.000000000000000000e+00
0.000000000000000000e+00
0.000000000000000000e+00
0.000000000000000000e+00
0.000000000000000000e+00
0.000000000000000000e+00
