1.761001110000000036e+00
1.752821439999999953e+00
1.765837780000000024e+00
1.759737490000000015e+00
1.762921689999999986e+00
1.756805179999999966e+00
1.764116400000000029e+00
1.756054519999999952e+00
1.754293440000000093e+00
1.761697169999999923e+00
1.752277969999999963e+00
1.765443920000000055e+00
1.760189529999999891e+00
1.756839990000000018e+00
1.764707559999999953e+00
1.760421149999999990e+00
1.760174150000000104e+00
1.762417429999999952e+00
1.758237950000000049e+00
1.761191359999999984e+00
1.752683400000000002e+00
1.759666439999999943e+00
1.751071920000000004e+00
1.761091469999999992e+00
1.754251000000000005e+00
1.768012520000000087e+00
1.764619579999999965e+00
1.755195019999999939e+00
1.768081299999999967e+00
1.767197839999999909e+00
1.766967530000000064e+00
1.760243889999999922e+00
1.764830700000000085e+00
1.763976210000000044e+00
1.760814899999999961e+00
1.760804049999999954e+00
1.767494440000000111e+00
1.764160390000000023e+00
1.757274379999999914e+00
1.770076269999999896e+00
1.763979549999999952e+00
1.766676300000000088e+00
1.759457229999999983e+00
1.767598149999999979e+00
1.765577189999999907e+00
1.761763570000000056e+00
1.753700730000000041e+00
1.761339779999999910e+00
1.757693399999999961e+00
1.760737060000000076e+00
1.761254899999999957e+00
1.749730220000000003e+00
1.766710159999999918e+00
1.766123890000000030e+00
1.763692489999999946e+00
1.757773629999999976e+00
1.770524739999999930e+00
1.751537909999999920e+00
1.754947540000000084e+00
1.752797839999999940e+00
1.756636850000000027e+00
1.754637000000000002e+00
1.760733359999999914e+00
1.758101700000000100e+00
1.753785249999999962e+00
1.762766239999999929e+00
1.765320530000000110e+00
1.749803180000000014e+00
1.761374589999999962e+00
1.762172220000000067e+00
1.763043879999999897e+00
1.765831579999999956e+00
1.759430169999999904e+00
1.763188830000000040e+00
1.759701009999999899e+00
1.758723969999999914e+00
1.759045600000000098e+00
1.760099169999999935e+00
1.760189290000000017e+00
1.759608030000000101e+00
1.767145030000000006e+00
1.768294210000000088e+00
1.762169359999999907e+00
1.762103790000000059e+00
1.758694879999999960e+00
1.764358749999999976e+00
1.760227680000000072e+00
1.761199109999999957e+00
1.763580909999999946e+00
1.764611839999999932e+00
1.759257550000000059e+00
1.762908930000000041e+00
1.759968509999999986e+00
1.767218469999999986e+00
1.765410420000000036e+00
1.758409850000000052e+00
1.757049670000000008e+00
1.757835739999999980e+00
1.757987259999999941e+00
1.755238290000000090e+00
1.758100739999999940e+00
1.756861800000000029e+00
1.761211029999999900e+00
1.760686030000000013e+00
1.758366099999999932e+00
1.760507220000000039e+00
1.757079599999999964e+00
1.762391800000000064e+00
1.756809709999999969e+00
1.761724110000000065e+00
1.767887940000000047e+00
1.753478279999999945e+00
1.759656660000000095e+00
1.759916660000000022e+00
1.757360100000000092e+00
1.762917040000000046e+00
1.759026640000000086e+00
1.757460470000000052e+00
1.760915749999999891e+00
1.755159490000000044e+00
1.756878850000000103e+00
1.759502759999999943e+00
1.755905980000000088e+00
1.766348599999999935e+00
1.761533489999999924e+00
1.764271369999999894e+00
1.763764609999999955e+00
1.754916310000000035e+00
1.765020480000000003e+00
1.758362530000000090e+00
1.760763639999999963e+00
1.760614270000000037e+00
1.760342120000000010e+00
1.763942829999999962e+00
1.751667019999999964e+00
1.743023870000000031e+00
1.756165500000000046e+00
1.748866199999999926e+00
1.762366890000000019e+00
1.756906740000000022e+00
1.756851429999999992e+00
1.748093719999999962e+00
1.765229219999999932e+00
1.756661409999999979e+00
1.763098000000000054e+00
1.760152570000000027e+00
1.760719179999999939e+00
1.765933030000000015e+00
1.762018910000000105e+00
1.760766980000000093e+00
1.761784550000000005e+00
1.753000850000000055e+00
1.755185959999999934e+00
1.748884789999999967e+00
1.760267969999999904e+00
1.757529729999999901e+00
1.755243419999999999e+00
1.759588120000000089e+00
1.768856760000000028e+00
1.763481489999999985e+00
1.757129539999999990e+00
1.763685940000000008e+00
1.766355150000000096e+00
1.757572169999999989e+00
1.759453530000000043e+00
1.757982130000000032e+00
1.762281409999999937e+00
1.759742490000000048e+00
1.763297429999999943e+00
1.758483639999999903e+00
1.759563800000000011e+00
1.760252829999999991e+00
1.758948919999999916e+00
1.762809749999999953e+00
1.761905430000000106e+00
1.760049219999999970e+00
1.756786820000000082e+00
1.758618110000000012e+00
1.763236519999999974e+00
1.764182680000000003e+00
1.763662929999999962e+00
1.760711549999999903e+00
1.761059989999999909e+00
1.758755440000000059e+00
1.763684859999999910e+00
1.760527130000000051e+00
1.754164449999999986e+00
1.759392140000000104e+00
1.761350509999999980e+00
1.759609460000000070e+00
1.757502789999999981e+00
1.755052920000000016e+00
1.765433899999999889e+00
1.761035789999999990e+00
1.757342210000000016e+00
1.758485429999999905e+00
1.766280770000000055e+00
1.765816089999999949e+00
1.758886570000000038e+00
1.760195130000000052e+00
1.765895959999999931e+00
1.753203389999999917e+00
1.763252009999999981e+00
1.764448280000000091e+00
1.755921239999999939e+00
1.757406110000000021e+00
1.758351559999999925e+00
1.759986870000000092e+00
1.760329599999999939e+00
1.762433640000000024e+00
1.754598969999999980e+00
1.757221460000000013e+00
1.761170499999999972e+00
1.762627479999999913e+00
1.760819670000000059e+00
1.758995050000000004e+00
1.761240240000000012e+00
1.762431740000000024e+00
1.766227720000000057e+00
1.761894220000000066e+00
1.761730550000000006e+00
1.754995939999999921e+00
1.758015509999999892e+00
1.759081359999999927e+00
1.757675289999999890e+00
1.761514060000000104e+00
1.758273600000000103e+00
1.763775110000000090e+00
1.755702249999999909e+00
1.756961699999999960e+00
1.756553049999999949e+00
1.773668280000000097e+00
1.774656290000000025e+00
1.779373639999999979e+00
1.766345140000000091e+00
1.763139240000000108e+00
1.764661899999999894e+00
1.754676099999999961e+00
1.766118400000000088e+00
1.767843119999999990e+00
1.762042990000000087e+00
1.765084499999999945e+00
1.761722079999999968e+00
1.754595160000000043e+00
1.755490889999999915e+00
1.755828020000000045e+00
1.749477139999999986e+00
1.755009770000000024e+00
1.768975970000000064e+00
1.753983250000000105e+00
1.750862469999999949e+00
1.762235760000000040e+00
1.766704440000000043e+00
1.760959380000000074e+00
1.762198919999999891e+00
1.753232949999999901e+00
1.762569059999999910e+00
1.760259859999999899e+00
1.761612530000000065e+00
1.761892430000000065e+00
1.764413950000000009e+00
1.767011040000000088e+00
1.763543960000000022e+00
1.752547260000000051e+00
1.756040449999999975e+00
1.768922560000000033e+00
1.766223539999999925e+00
1.764956830000000032e+00
1.769112699999999982e+00
1.770414820000000056e+00
1.760234590000000043e+00
1.759621139999999917e+00
1.760844819999999977e+00
1.756466029999999900e+00
1.768847459999999927e+00
1.765893219999999930e+00
1.759544730000000001e+00
1.765105719999999989e+00
1.777391189999999899e+00
1.766313070000000041e+00
1.755676859999999895e+00
1.759914390000000051e+00
1.750674000000000063e+00
1.759927030000000059e+00
1.760128370000000109e+00
1.761539219999999961e+00
1.763642900000000013e+00
1.768245810000000029e+00
1.770960330000000083e+00
1.769181249999999928e+00
1.766746280000000002e+00
1.761934749999999994e+00
1.759332890000000038e+00
1.756616589999999922e+00
1.755156039999999917e+00
1.765422459999999916e+00
1.768519519999999901e+00
1.766273489999999891e+00
1.760649679999999995e+00
1.757937309999999975e+00
1.764597889999999891e+00
1.758425829999999968e+00
1.754919759999999940e+00
1.763251420000000014e+00
1.758997080000000102e+00
1.756884090000000009e+00
1.760196799999999895e+00
1.764735460000000034e+00
1.760571950000000108e+00
1.761814350000000085e+00
1.765009400000000062e+00
1.753209709999999921e+00
1.764062880000000000e+00
1.758349179999999956e+00
1.753818389999999949e+00
1.762228359999999938e+00
1.761829609999999935e+00
1.765062329999999902e+00
1.763845440000000098e+00
1.754165170000000051e+00
1.738927600000000018e+00
1.762522450000000074e+00
1.757377020000000067e+00
1.765498510000000021e+00
1.758396859999999950e+00
1.764710779999999923e+00
1.766489739999999919e+00
1.767804380000000064e+00
1.760979049999999990e+00
1.758646359999999964e+00
1.753681299999999998e+00
1.750633590000000073e+00
1.757251139999999934e+00
1.757253640000000061e+00
1.755818239999999975e+00
1.753437630000000080e+00
1.757464520000000086e+00
1.760922190000000054e+00
1.759244910000000051e+00
1.760985129999999899e+00
1.750262489999999893e+00
1.758095140000000001e+00
1.752734779999999937e+00
1.759358280000000052e+00
1.758973469999999928e+00
1.754820339999999979e+00
1.757298459999999896e+00
1.750171060000000001e+00
1.755693429999999999e+00
1.755974759999999968e+00
1.755573269999999964e+00
1.755360720000000097e+00
1.741915820000000004e+00
1.757386799999999916e+00
1.752421849999999948e+00
1.749750010000000078e+00
1.754599330000000013e+00
1.735128159999999919e+00
1.746423840000000061e+00
1.749431839999999960e+00
1.756022329999999965e+00
1.749408360000000107e+00
1.750782599999999967e+00
1.753622290000000028e+00
1.749470470000000111e+00
1.748216619999999999e+00
1.750999329999999965e+00
1.745105860000000009e+00
1.749158140000000028e+00
1.746742720000000082e+00
1.748723980000000067e+00
1.755836240000000048e+00
1.753632419999999970e+00
1.745012639999999893e+00
1.746976850000000026e+00
1.747045509999999968e+00
1.751701589999999920e+00
1.750599019999999895e+00
1.754403350000000028e+00
1.749455800000000005e+00
1.746308559999999899e+00
1.741105310000000017e+00
1.739699950000000106e+00
1.744383210000000073e+00
1.738852850000000005e+00
1.738186950000000008e+00
1.738035910000000017e+00
1.735391020000000006e+00
1.734267830000000066e+00
1.739860769999999945e+00
1.740859029999999974e+00
1.746618500000000074e+00
1.747927779999999931e+00
1.752083300000000010e+00
1.751150839999999986e+00
1.749180189999999913e+00
1.748751280000000019e+00
1.750334849999999998e+00
1.748214240000000030e+00
1.745842450000000046e+00
1.751729719999999935e+00
1.735264890000000060e+00
1.758240690000000050e+00
1.750952950000000063e+00
1.751239409999999941e+00
1.756314390000000003e+00
1.750110739999999998e+00
1.753260370000000012e+00
1.752965450000000036e+00
1.747605080000000033e+00
1.753029699999999913e+00
1.746297470000000018e+00
1.746472000000000024e+00
1.756345150000000022e+00
1.744755379999999967e+00
1.756337040000000016e+00
1.734473340000000086e+00
1.754696129999999910e+00
1.751413820000000010e+00
1.751827950000000023e+00
1.744986769999999909e+00
1.743424770000000068e+00
1.753440609999999955e+00
1.752984279999999950e+00
1.744478219999999968e+00
1.743597620000000070e+00
1.752227659999999965e+00
1.744347920000000052e+00
1.747817149999999931e+00
1.749339930000000098e+00
1.751739619999999942e+00
1.747514479999999981e+00
1.747193690000000021e+00
1.751994489999999960e+00
1.752828950000000052e+00
1.754348030000000058e+00
1.747445939999999975e+00
1.754688500000000095e+00
1.744536990000000065e+00
1.752906910000000096e+00
1.751026980000000011e+00
1.750710720000000054e+00
1.752893199999999929e+00
1.753605719999999923e+00
1.756635179999999963e+00
1.757682799999999990e+00
1.750392790000000032e+00
1.755679599999999896e+00
1.756161920000000043e+00
1.753311749999999947e+00
1.751061430000000030e+00
1.751449819999999935e+00
1.755508779999999991e+00
1.755478139999999909e+00
1.752084490000000105e+00
1.753340480000000090e+00
1.753854269999999937e+00
1.746740219999999955e+00
1.748864760000000018e+00
1.752489439999999954e+00
1.756678809999999924e+00
1.752297280000000068e+00
1.750246640000000076e+00
1.758295530000000051e+00
1.753765940000000079e+00
1.753228659999999994e+00
1.756556860000000109e+00
1.750599379999999927e+00
1.755297300000000060e+00
1.764336340000000058e+00
1.759726759999999945e+00
1.759951470000000073e+00
1.761048790000000031e+00
1.751635669999999978e+00
1.755689499999999903e+00
1.754554029999999987e+00
1.746038669999999904e+00
1.742004869999999928e+00
1.757390020000000108e+00
1.764968749999999975e+00
1.757928130000000033e+00
1.751742949999999910e+00
1.741672630000000055e+00
1.752532830000000041e+00
1.757493369999999944e+00
1.752364990000000011e+00
1.753526799999999941e+00
1.753565660000000026e+00
1.754906649999999901e+00
1.754778860000000051e+00
1.743934749999999978e+00
1.756003369999999952e+00
1.755560870000000051e+00
1.747524139999999893e+00
1.754135130000000098e+00
1.756973979999999935e+00
1.752467980000000036e+00
1.754889479999999891e+00
1.759390709999999913e+00
1.763238899999999942e+00
1.765356890000000067e+00
1.758344649999999953e+00
1.758096930000000002e+00
1.754914160000000001e+00
1.750355600000000011e+00
1.752532600000000107e+00
1.756563539999999923e+00
1.748339169999999942e+00
1.756934999999999913e+00
1.747518420000000017e+00
1.758699290000000026e+00
1.755467169999999966e+00
1.752013679999999907e+00
1.752913230000000100e+00
1.755041709999999977e+00
1.757809989999999933e+00
1.752581830000000007e+00
1.751057379999999997e+00
1.758624549999999953e+00
1.755538339999999975e+00
1.752392530000000059e+00
1.754042979999999918e+00
1.754348510000000028e+00
1.749869340000000051e+00
1.751429670000000050e+00
1.760369300000000026e+00
1.752028700000000105e+00
1.765542139999999982e+00
1.760524149999999954e+00
1.765632510000000099e+00
1.765518659999999906e+00
1.768503780000000081e+00
1.771664609999999973e+00
1.763688680000000009e+00
1.757071849999999991e+00
1.756231660000000083e+00
1.755873680000000103e+00
1.752720349999999927e+00
1.753136030000000067e+00
1.754289259999999961e+00
1.746622799999999920e+00
1.753270979999999923e+00
1.758380770000000037e+00
1.745476720000000093e+00
1.745341529999999919e+00
1.750227329999999970e+00
1.745505089999999981e+00
1.751026980000000011e+00
1.749045959999999900e+00
1.745761509999999905e+00
1.750779979999999902e+00
1.755942099999999950e+00
1.757110469999999980e+00
1.751689430000000103e+00
1.755434029999999979e+00
1.753036849999999980e+00
1.752959600000000062e+00
1.756345739999999989e+00
1.755788080000000084e+00
1.751166460000000091e+00
1.753295889999999968e+00
1.751912230000000070e+00
1.751672740000000061e+00
1.750332949999999999e+00
1.746724839999999945e+00
1.742626659999999994e+00
1.748464580000000046e+00
1.748248100000000083e+00
1.742811560000000037e+00
1.742581359999999968e+00
1.747750869999999956e+00
1.745899429999999919e+00
1.746183749999999923e+00
1.748041619999999963e+00
1.743193259999999967e+00
1.754287710000000056e+00
1.750233050000000068e+00
1.750105610000000089e+00
1.749330749999999934e+00
1.750166050000000029e+00
1.760006420000000071e+00
1.753439900000000051e+00
1.753796099999999969e+00
1.755928270000000069e+00
1.751923679999999983e+00
1.753754250000000070e+00
1.751236309999999907e+00
1.749289869999999913e+00
1.746019839999999990e+00
1.756291620000000053e+00
1.759149190000000029e+00
1.749494309999999997e+00
1.756430259999999910e+00
1.746971599999999958e+00
1.749888300000000063e+00
1.747029539999999992e+00
1.742245910000000064e+00
1.753508679999999931e+00
1.743879549999999945e+00
1.752051709999999929e+00
1.748003839999999975e+00
1.748323789999999933e+00
1.745968689999999990e+00
1.749395959999999972e+00
1.750511520000000099e+00
1.745480530000000030e+00
1.745021219999999929e+00
1.744876380000000005e+00
1.736294149999999981e+00
1.745552180000000009e+00
1.743683569999999960e+00
1.748747220000000047e+00
1.753081080000000069e+00
1.746179340000000080e+00
1.751216410000000057e+00
1.752259130000000109e+00
1.751630299999999973e+00
1.754405970000000092e+00
1.744645470000000032e+00
1.757806060000000059e+00
1.755731820000000054e+00
1.753727430000000087e+00
1.763518329999999912e+00
1.758906359999999891e+00
1.768133640000000062e+00
1.766699790000000103e+00
1.761609430000000032e+00
1.763063779999999969e+00
1.746822230000000031e+00
1.749176740000000008e+00
1.753215779999999890e+00
1.753326050000000080e+00
1.754156819999999950e+00
1.759015079999999953e+00
1.747085449999999929e+00
1.752809400000000073e+00
1.752992389999999956e+00
1.750938890000000026e+00
1.742249600000000065e+00
1.749241470000000076e+00
1.748033879999999929e+00
1.750626559999999943e+00
1.749800919999999982e+00
1.748886340000000095e+00
1.752111310000000088e+00
1.744117020000000018e+00
1.758779279999999945e+00
1.753115650000000025e+00
1.753806820000000100e+00
1.752561800000000058e+00
1.751006360000000095e+00
1.747756950000000087e+00
1.743041389999999913e+00
1.742506380000000021e+00
1.747502679999999975e+00
1.754285569999999961e+00
1.755985370000000101e+00
1.753573059999999906e+00
1.744625209999999926e+00
1.762354490000000107e+00
1.750184289999999976e+00
1.753381249999999891e+00
1.752850770000000002e+00
1.754675500000000055e+00
1.748972049999999889e+00
1.748638509999999924e+00
1.749719849999999965e+00
1.757593270000000096e+00
1.746957419999999983e+00
1.747205729999999901e+00
1.741397139999999899e+00
1.741773000000000016e+00
1.748753779999999924e+00
1.744338029999999984e+00
1.746648900000000060e+00
1.745368709999999934e+00
1.746671080000000043e+00
1.752387759999999961e+00
1.736416570000000048e+00
1.749980560000000018e+00
1.753883000000000081e+00
1.750262259999999959e+00
1.751334780000000091e+00
1.749023070000000013e+00
1.749534600000000051e+00
1.752315040000000046e+00
1.746353260000000018e+00
1.751821510000000082e+00
1.749681709999999946e+00
1.751052969999999931e+00
1.745387430000000073e+00
1.746262189999999936e+00
1.746973270000000023e+00
1.747794269999999983e+00
1.747948880000000038e+00
1.747115009999999913e+00
1.745932569999999906e+00
1.744547360000000102e+00
1.746913549999999926e+00
1.747778049999999972e+00
1.743824000000000041e+00
1.740903730000000094e+00
1.741107339999999892e+00
1.745099900000000037e+00
1.747502799999999912e+00
1.739544149999999956e+00
1.738659970000000055e+00
1.733807799999999899e+00
1.741094109999999917e+00
1.748649230000000054e+00
1.748192069999999987e+00
1.740214340000000082e+00
1.743236779999999930e+00
1.742386460000000081e+00
1.729205960000000042e+00
1.742633810000000061e+00
1.740127200000000096e+00
1.742978090000000035e+00
1.742263069999999914e+00
1.736907240000000074e+00
1.737740389999999913e+00
1.741076819999999969e+00
1.738471260000000074e+00
1.742820849999999977e+00
1.727828619999999926e+00
1.726670499999999997e+00
1.738112920000000061e+00
1.737445590000000095e+00
1.742573729999999932e+00
1.743895170000000050e+00
1.741904850000000060e+00
1.734414810000000085e+00
1.736640449999999891e+00
1.753616920000000023e+00
1.745840309999999951e+00
1.729551910000000081e+00
1.738133429999999979e+00
1.744046329999999978e+00
1.738240830000000070e+00
1.733147259999999967e+00
1.730802289999999966e+00
1.750652899999999956e+00
1.738206380000000051e+00
1.738459339999999909e+00
1.741566649999999994e+00
1.738406059999999975e+00
1.735875480000000026e+00
1.735642310000000021e+00
1.735350479999999918e+00
1.731791969999999958e+00
1.734267110000000001e+00
1.731471889999999902e+00
1.734673260000000106e+00
1.733650200000000030e+00
1.729239339999999903e+00
1.737222430000000095e+00
1.728798150000000033e+00
1.733237020000000017e+00
1.735699410000000054e+00
1.730886689999999950e+00
1.722158429999999907e+00
1.735246300000000019e+00
1.727877370000000079e+00
1.729524730000000066e+00
1.731995460000000042e+00
1.731224529999999984e+00
1.729785439999999896e+00
1.735446569999999911e+00
1.734455340000000012e+00
1.720497359999999976e+00
1.730291360000000056e+00
1.734899870000000011e+00
1.731834169999999951e+00
1.731827369999999977e+00
1.728553889999999926e+00
1.725348349999999975e+00
1.550834169999999901e+00
1.726852770000000037e+00
1.730705970000000038e+00
1.718631739999999963e+00
1.725457309999999911e+00
1.728257289999999946e+00
1.726321100000000053e+00
1.725943919999999965e+00
1.717926379999999975e+00
1.713201989999999952e+00
1.733748789999999929e+00
1.719075789999999992e+00
1.726309059999999951e+00
1.728206750000000014e+00
1.720018379999999958e+00
1.724692939999999952e+00
1.729729529999999960e+00
1.723560690000000006e+00
1.726379509999999895e+00
1.722840539999999976e+00
1.722852339999999982e+00
1.723625179999999979e+00
1.725122449999999974e+00
1.730305310000000096e+00
1.737585179999999951e+00
1.726068970000000036e+00
1.727817890000000078e+00
1.720204590000000033e+00
1.729387159999999923e+00
1.726178640000000097e+00
1.720706099999999905e+00
1.725711940000000055e+00
1.721988789999999936e+00
1.715671530000000056e+00
1.720473759999999963e+00
1.719752310000000062e+00
1.718372220000000006e+00
1.715005150000000089e+00
1.717017999999999933e+00
1.710902090000000042e+00
1.713846919999999940e+00
1.711221330000000096e+00
1.706897370000000080e+00
1.721014260000000018e+00
1.712729329999999939e+00
1.717819800000000008e+00
1.716286179999999995e+00
1.717177509999999963e+00
1.715207570000000015e+00
1.718089100000000036e+00
1.721672890000000011e+00
1.722333069999999910e+00
1.709282270000000103e+00
1.722672339999999913e+00
1.712999699999999903e+00
1.708619950000000109e+00
1.710968009999999984e+00
1.714598410000000017e+00
1.717927930000000103e+00
1.694572439999999958e+00
1.709527730000000023e+00
1.709621779999999980e+00
1.710335010000000100e+00
1.701514600000000099e+00
1.706709500000000101e+00
1.717131849999999904e+00
1.700452920000000034e+00
1.702346200000000032e+00
1.711975210000000081e+00
1.715996740000000020e+00
1.711064930000000039e+00
1.712918280000000015e+00
1.713489169999999895e+00
1.713755839999999919e+00
1.710413930000000082e+00
1.703912969999999971e+00
1.704934830000000012e+00
1.714856020000000036e+00
1.705981369999999941e+00
1.702183599999999908e+00
1.700883149999999899e+00
1.705417629999999907e+00
1.700272910000000026e+00
1.710517760000000109e+00
1.703667870000000084e+00
1.698901889999999915e+00
1.699194429999999922e+00
1.695757029999999999e+00
1.705619929999999895e+00
1.710301040000000050e+00
1.709483740000000029e+00
1.704136129999999971e+00
1.706664909999999979e+00
1.706390850000000015e+00
1.708169339999999981e+00
1.708095069999999938e+00
1.711189150000000048e+00
1.702535029999999949e+00
1.702787990000000029e+00
1.702056159999999929e+00
1.707615609999999950e+00
1.696089139999999995e+00
1.701581830000000073e+00
1.705040689999999914e+00
1.699123020000000039e+00
1.698351380000000077e+00
1.706836339999999952e+00
1.695553770000000071e+00
1.717406269999999902e+00
1.711322540000000059e+00
1.721469279999999991e+00
1.714906690000000067e+00
1.718757620000000097e+00
1.727123140000000001e+00
1.709452390000000044e+00
1.703594800000000076e+00
1.708133450000000053e+00
1.708855620000000020e+00
1.710808029999999924e+00
1.710011830000000010e+00
1.701874249999999922e+00
1.705056190000000083e+00
1.696360459999999959e+00
1.707635159999999930e+00
1.704776999999999987e+00
1.704624769999999900e+00
1.701865189999999917e+00
1.705526939999999936e+00
1.702083819999999914e+00
1.693615550000000081e+00
1.704668520000000020e+00
1.699686400000000042e+00
1.705085870000000003e+00
1.709042069999999969e+00
1.702515119999999937e+00
1.703560820000000087e+00
1.699973219999999952e+00
1.707600950000000006e+00
1.703220720000000021e+00
1.705704330000000102e+00
1.704342360000000056e+00
1.706912039999999964e+00
1.705019110000000060e+00
1.704306359999999909e+00
1.709670299999999976e+00
1.703676219999999963e+00
1.705136409999999936e+00
1.696332210000000007e+00
1.707154269999999974e+00
1.709114900000000103e+00
1.700032589999999955e+00
1.710590239999999929e+00
1.714092849999999890e+00
1.711093779999999898e+00
1.712146039999999925e+00
1.705600849999999946e+00
1.695418000000000092e+00
1.695207350000000002e+00
1.697647090000000025e+00
1.701107850000000088e+00
1.702116479999999932e+00
1.708800909999999895e+00
1.700294729999999976e+00
1.707778570000000107e+00
1.711053490000000066e+00
1.712934849999999898e+00
1.698976269999999955e+00
1.702669259999999962e+00
1.708292839999999924e+00
1.711620560000000069e+00
1.709661840000000099e+00
1.690605279999999988e+00
1.700505130000000031e+00
1.709770440000000002e+00
1.709613320000000103e+00
1.697556489999999974e+00
1.702066300000000032e+00
1.694320080000000006e+00
1.692282429999999893e+00
1.692889089999999985e+00
1.691405529999999935e+00
1.690781349999999961e+00
1.702117080000000060e+00
1.692077870000000095e+00
1.710102079999999969e+00
1.690062399999999965e+00
1.694185250000000087e+00
1.694393030000000078e+00
1.699182030000000010e+00
1.687057730000000033e+00
1.708522670000000021e+00
1.697512139999999947e+00
1.695085879999999934e+00
1.690846440000000062e+00
1.700569739999999941e+00
1.700902930000000035e+00
1.704271309999999984e+00
1.709111800000000070e+00
1.705830809999999920e+00
1.704004279999999927e+00
1.704064840000000025e+00
1.701241009999999942e+00
1.708982940000000061e+00
1.707514159999999892e+00
1.702726479999999931e+00
1.701066369999999939e+00
1.701819060000000050e+00
1.695850010000000019e+00
1.690325370000000049e+00
1.693930979999999975e+00
1.693098779999999914e+00
1.672741880000000014e+00
1.688667169999999995e+00
1.694084520000000094e+00
1.700683589999999912e+00
1.699471710000000080e+00
1.690920589999999946e+00
1.697728990000000104e+00
1.697508449999999947e+00
1.697594400000000059e+00
1.704067229999999933e+00
1.695244189999999929e+00
1.693005799999999894e+00
1.699127309999999946e+00
