-2.547714260000000053e+01 -2.157303609999999949e+01 -1.765109650000000130e+01 -1.372777119999999940e+01 -9.804373930000000570e+00 -5.880944549999999715e+00 -1.957729870000000094e+00 1.964869399999999988e+00 5.887445979999999857e+00 9.810611769999999510e+00 1.373349220000000059e+01 1.765700929999999858e+01 2.157986640000000023e+01
-2.549427950000000109e+01 -2.158113210000000137e+01 -1.765982590000000130e+01 -1.373725390000000068e+01 -9.814137759999999489e+00 -5.890854019999999913e+00 -1.967837089999999955e+00 1.954033190000000086e+00 5.876810479999999615e+00 9.799979750000000323e+00 1.372250230000000037e+01 1.764578110000000066e+01 2.156813079999999871e+01
-2.548477270000000061e+01 -2.157268739999999951e+01 -1.765126860000000164e+01 -1.372834620000000072e+01 -9.805083650000000262e+00 -5.881796999999999720e+00 -1.958977570000000057e+00 1.962846829999999931e+00 5.886002379999999867e+00 9.808919319999999331e+00 1.373167770000000054e+01 1.765513260000000173e+01 2.157817340000000073e+01
-2.550242390000000015e+01 -2.158744670000000099e+01 -1.766568339999999893e+01 -1.374264759999999974e+01 -9.818946529999999839e+00 -5.895370699999999964e+00 -1.972138900000000028e+00 1.949889839999999985e+00 5.873491679999999882e+00 9.796677580000000773e+00 1.371966379999999930e+01 1.764322130000000044e+01 2.156565549999999831e+01
-2.548117530000000031e+01 -2.156783049999999946e+01 -1.764660980000000023e+01 -1.372421989999999958e+01 -9.801336329999999819e+00 -5.878576609999999647e+00 -1.955936420000000009e+00 1.965709710000000054e+00 5.888095960000000240e+00 9.810596220000000756e+00 1.373323090000000057e+01 1.765611840000000043e+01 2.157825180000000032e+01
-2.548738080000000039e+01 -2.157170550000000020e+01 -1.765000080000000082e+01 -1.372689629999999994e+01 -9.803254439999999903e+00 -5.879968599999999768e+00 -1.956408410000000098e+00 1.966020829999999942e+00 5.889253959999999566e+00 9.812497439999999571e+00 1.373580190000000023e+01 1.765927220000000020e+01 2.158189099999999883e+01
-2.548584749999999843e+01 -2.157281959999999899e+01 -1.765210349999999906e+01 -1.373017059999999923e+01 -9.807740430000000842e+00 -5.885663130000000187e+00 -1.963643969999999905e+00 1.957104790000000039e+00 5.879197310000000343e+00 9.801491909999999308e+00 1.372312900000000013e+01 1.764572109999999938e+01 2.156754880000000085e+01
-2.548122830000000150e+01 -2.157155549999999877e+01 -1.764934029999999865e+01 -1.372584679999999935e+01 -9.802054339999999755e+00 -5.878767050000000438e+00 -1.955151759999999905e+00 1.967162000000000077e+00 5.890741939999999843e+00 9.814245740000000495e+00 1.373747110000000049e+01 1.766139880000000062e+01 2.158399280000000076e+01
-2.550130800000000164e+01 -2.157847100000000040e+01 -1.765600780000000114e+01 -1.373222099999999912e+01 -9.808370030000000739e+00 -5.885288250000000332e+00 -1.961451260000000030e+00 1.960998360000000051e+00 5.884386700000000303e+00 9.808192890000000830e+00 1.373185269999999925e+01 1.765587909999999994e+01 2.157907630000000054e+01
-2.545997709999999969e+01 -2.156573009999999968e+01 -1.765975500000000054e+01 -1.373818269999999941e+01 -9.816645619999999184e+00 -5.894008920000000096e+00 -1.970325509999999891e+00 1.952301499999999912e+00 5.875869439999999777e+00 9.799756509999999921e+00 1.372365390000000041e+01 1.764782380000000117e+01 2.157114669999999990e+01
-2.550351969999999824e+01 -2.157932399999999973e+01 -1.765544570000000135e+01 -1.373043649999999971e+01 -9.805574460000000769e+00 -5.880920620000000376e+00 -1.956287649999999934e+00 1.967436650000000009e+00 5.892092940000000389e+00 9.817039360000000769e+00 1.374127440000000000e+01 1.766671339999999901e+01 2.159121299999999977e+01
-2.551187630000000084e+01 -2.159390799999999899e+01 -1.766763029999999901e+01 -1.374931179999999920e+01 -9.824979680000000215e+00 -5.901273549999999979e+00 -1.976972689999999977e+00 1.945861569999999929e+00 5.870129480000000122e+00 9.794456679999999693e+00 1.371892809999999940e+01 1.764395259999999865e+01 2.156795389999999912e+01
-2.546913310000000052e+01 -2.154928680000000085e+01 -1.762928009999999901e+01 -1.370838310000000071e+01 -9.787491709999999401e+00 -5.867161480000000040e+00 -1.945977089999999965e+00 1.974087850000000088e+00 5.895664540000000287e+00 9.817210729999999330e+00 1.373866160000000036e+01 1.766132620000000131e+01 2.158326080000000147e+01
0.000000000000000000e+00 0.000000000000000000e+00 0.000000000000000000e+00 0.000000000000000000e+00 0.000000000000000000e+00 0.000000000000000000e+00 0.000000000000000000e+00 0.000000000000000000e+00 0.000000000000000000e+00 0.000000000000000000e+00 0.000000000000000000e+00 0.000000000000000000e+00 0.000000000000000000e+00
-2.547023510000000002e+01 -2.155888350000000031e+01 -1.763885919999999885e+01 -1.371684059999999938e+01 -9.794314319999999796e+00 -5.872754590000000441e+00 -1.950847390000000070e+00 1.970199519999999982e+00 5.895471539999999955e+00 9.817720669999999927e+00 1.373945119999999953e+01 1.766240390000000104e+01 2.158431029999999851e+01
-2.547351850000000084e+01 -2.156692650000000100e+01 -1.764615930000000077e+01 -1.372192749999999961e+01 -9.797227429999999515e+00 -5.874290170000000089e+00 -1.950608279999999972e+00 1.972383889999999917e+00 5.895879210000000370e+00 9.819636309999999924e+00 1.374321849999999934e+01 1.766745450000000162e+01 2.159184630000000027e+01
-2.547837260000000015e+01 -2.156388379999999927e+01 -1.764393929999999955e+01 -1.372134209999999932e+01 -9.798978180000000648e+00 -5.875127230000000367e+00 -1.953283399999999892e+00 1.969410789999999967e+00 5.892573180000000299e+00 9.815782430000000502e+00 1.373860310000000062e+01 1.766172459999999944e+01 2.158536150000000120e+01
-2.547738019999999892e+01 -2.156612499999999955e+01 -1.764618580000000136e+01 -1.372363799999999934e+01 -9.800631669999999573e+00 -5.877680729999999798e+00 -1.954697429999999958e+00 1.967055549999999986e+00 5.890072230000000353e+00 9.813235139999999745e+00 1.373587329999999973e+01 1.765926119999999955e+01 2.158220359999999971e+01
-2.545501199999999997e+01 -2.156429599999999880e+01 -1.764770589999999828e+01 -1.372642959999999945e+01 -9.802363140000000641e+00 -5.879944039999999816e+00 -1.958497410000000105e+00 1.963055940000000055e+00 5.886445919999999887e+00 9.809151950000000397e+00 1.373218220000000045e+01 1.765561509999999856e+01 2.157866509999999849e+01
-2.546466399999999908e+01 -2.155370359999999863e+01 -1.763889560000000145e+01 -1.371783379999999930e+01 -9.796223299999999412e+00 -5.870922140000000233e+00 -1.949828450000000046e+00 1.970502699999999940e+00 5.892486380000000246e+00 9.812758770000000297e+00 1.373751689999999925e+01 1.765741249999999951e+01 2.157811470000000043e+01
-2.548268940000000171e+01 -2.157799680000000109e+01 -1.765712299999999857e+01 -1.373398839999999943e+01 -9.810244570000000053e+00 -5.886202289999999948e+00 -1.962851389999999974e+00 1.959097319999999920e+00 5.882762800000000070e+00 9.806570920000000413e+00 1.373043610000000037e+01 1.765452120000000136e+01 2.157836530000000153e+01
-2.543201669999999837e+01 -2.156336370000000002e+01 -1.764702079999999995e+01 -1.372592670000000048e+01 -9.805197760000000429e+00 -5.882638530000000365e+00 -1.959839389999999959e+00 1.962049570000000021e+00 5.885729460000000302e+00 9.809021650000000037e+00 1.373183270000000000e+01 1.765553740000000005e+01 2.157835809999999910e+01
-2.547095429999999894e+01 -2.156067529999999977e+01 -1.764023859999999999e+01 -1.371712220000000038e+01 -9.794702920000000645e+00 -5.871828019999999704e+00 -1.949043620000000088e+00 1.975141969999999914e+00 5.901269450000000028e+00 9.826975880000000885e+00 1.374309290000000061e+01 1.766686179999999950e+01 2.159008700000000047e+01
-2.549432410000000004e+01 -2.157708140000000085e+01 -1.765674710000000047e+01 -1.372959550000000029e+01 -9.808450309999999561e+00 -5.884630079999999985e+00 -1.960493110000000039e+00 1.962126430000000088e+00 5.886091699999999705e+00 9.810691260000000469e+00 1.373395350000000015e+01 1.765917179999999931e+01 2.158385529999999974e+01
-2.549612219999999851e+01 -2.158113549999999847e+01 -1.765874480000000091e+01 -1.373485179999999950e+01 -9.810259800000000752e+00 -5.885059779999999741e+00 -1.958772930000000079e+00 1.965301689999999990e+00 5.889699479999999987e+00 9.814332820000000623e+00 1.373750560000000043e+01 1.766316730000000135e+01 2.158328540000000118e+01
0.000000000000000000e+00 0.000000000000000000e+00 0.000000000000000000e+00 0.000000000000000000e+00 0.000000000000000000e+00 0.000000000000000000e+00 0.000000000000000000e+00 0.000000000000000000e+00 0.000000000000000000e+00 0.000000000000000000e+00 0.000000000000000000e+00 0.000000000000000000e+00 0.000000000000000000e+00
0.000000000000000000e+00 0.000000000000000000e+00 0.000000000000000000e+00 0.000000000000000000e+00 0.000000000000000000e+00 0.000000000000000000e+00 0.000000000000000000e+00 0.000000000000000000e+00 0.000000000000000000e+00 0.000000000000000000e+00 0.000000000000000000e+00 0.000000000000000000e+00 0.000000000000000000e+00
0.000000000000000000e+00 0.000000000000000000e+00 0.000000000000000000e+00 0.000000000000000000e+00 0.000000000000000000e+00 0.000000000000000000e+00 0.000000000000000000e+00 0.000000000000000000e+00 0.000000000000000000e+00 0.000000000000000000e+00 0.000000000000000000e+00 0.000000000000000000e+00 0.000000000000000000e+00
0.000000000000000000e+00 0.000000000000000000e+00 0.000000000000000000e+00 0.000000000000000000e+00 0.000000000000000000e+00 0.000000000000000000e+00 0.000000000000000000e+00 0.000000000000000000e+00 0.000000000000000000e+00 0.000000000000000000e+00 0.000000000000000000e+00 0.000000000000000000e+00 0.000000000000000000e+00
0.000000000000000000e+00 0.000000000000000000e+00 0.000000000000000000e+00 0.000000000000000000e+00 0.000000000000000000e+00 0.000000000000000000e+00 0.000000000000000000e+00 0.000000000000000000e+00 0.000000000000000000e+00 0.000000000000000000e+00 0.000000000000000000e+00 0.000000000000000000e+00 0.000000000000000000e+00
0.000000000000000000e+00 0.000000000000000000e+00 0.000000000000000000e+00 0.000000000000000000e+00 0.000000000000000000e+00 0.000000000000000000e+00 0.000000000000000000e+00 0.000000000000000000e+00 0.000000000000000000e+00 0.000000000000000000e+00 0.000000000000000000e+00 0.000000000000000000e+00 0.000000000000000000e+00
0.000000000000000000e+00 0.000000000000000000e+00 0.000000000000000000e+00 0.000000000000000000e+00 0.000000000000000000e+00 0.000000000000000000e+00 0.000000000000000000e+00 0.000000000000000000e+00 0.000000000000000000e+00 0.000000000000000000e+00 0.000000000000000000e+00 0.000000000000000000e+00 0.000000000000000000e+00
