-2.526381149999999920e+01 -2.134081480000000042e+01 -1.741817229999999839e+01 -1.349460350000000020e+01 -9.570947269999999563e+00 -5.647331730000000327e+00 -1.724082609999999960e+00 2.198621849999999878e+00 6.121952890000000203e+00 1.004558620000000069e+01 1.396947300000000070e+01 1.789381529999999998e+01 2.181682590000000133e+01
-2.526237499999999869e+01 -2.133918119999999874e+01 -1.741725750000000161e+01 -1.349428170000000016e+01 -9.571176510000000803e+00 -5.647622339999999852e+00 -1.724366740000000009e+00 2.197588849999999816e+00 6.121048039999999801e+00 1.004463179999999944e+01 1.396805720000000051e+01 1.789195360000000079e+01 2.181477359999999877e+01
-2.527174910000000096e+01 -2.134868230000000011e+01 -1.742594439999999878e+01 -1.350246409999999919e+01 -9.578875760000000739e+00 -5.655397319999999617e+00 -1.732117289999999921e+00 2.190651889999999824e+00 6.114237509999999709e+00 1.003804249999999954e+01 1.396199020000000068e+01 1.788619920000000008e+01 2.180941419999999908e+01
-2.527047089999999940e+01 -2.134678059999999888e+01 -1.742430979999999963e+01 -1.350083629999999957e+01 -9.577059119999999481e+00 -5.653439149999999636e+00 -1.729542490000000043e+00 2.192921619999999905e+00 6.116645939999999726e+00 1.004055849999999950e+01 1.396462380000000003e+01 1.788875499999999974e+01 2.181196909999999889e+01
-2.526419980000000010e+01 -2.134142740000000060e+01 -1.741936970000000073e+01 -1.349623610000000085e+01 -9.573030219999999701e+00 -5.649725379999999575e+00 -1.726530550000000108e+00 2.195688089999999981e+00 6.119139050000000246e+00 1.004257570000000044e+01 1.396607880000000002e+01 1.788969469999999973e+01 2.181265129999999886e+01
-2.526726280000000102e+01 -2.134386209999999906e+01 -1.742151150000000115e+01 -1.349814480000000039e+01 -9.574307949999999678e+00 -5.650407719999999578e+00 -1.726862300000000072e+00 2.195905230000000152e+00 6.119532740000000359e+00 1.004350190000000076e+01 1.396749269999999932e+01 1.789164129999999986e+01 2.181497729999999891e+01
-2.526787129999999948e+01 -2.134504889999999833e+01 -1.742361640000000023e+01 -1.350141250000000070e+01 -9.578772219999999393e+00 -5.656370210000000398e+00 -1.733983819999999954e+00 2.187260049999999900e+00 6.109545330000000440e+00 1.003219389999999933e+01 1.395471399999999917e+01 1.787770000000000081e+01 2.180006210000000166e+01
-2.527094710000000077e+01 -2.134746110000000030e+01 -1.742451459999999841e+01 -1.350068860000000015e+01 -9.576704660000000757e+00 -5.653032800000000080e+00 -1.729100609999999927e+00 2.193594169999999899e+00 6.117668120000000265e+00 1.004161799999999971e+01 1.396590169999999986e+01 1.789041130000000024e+01 2.181387330000000091e+01
-2.527847879999999847e+01 -2.135510530000000173e+01 -1.743247480000000138e+01 -1.350835410000000003e+01 -9.584238149999999123e+00 -5.660905819999999977e+00 -1.736643020000000037e+00 2.186180069999999809e+00 6.109969000000000428e+00 1.003411200000000036e+01 1.395801119999999962e+01 1.788276030000000105e+01 2.180591859999999826e+01
-2.527913979999999938e+01 -2.135526000000000124e+01 -1.743177049999999895e+01 -1.350729749999999996e+01 -9.582949870000000203e+00 -5.658653700000000342e+00 -1.734299079999999993e+00 2.188857899999999912e+00 6.113428990000000063e+00 1.003772479999999945e+01 1.396253669999999936e+01 1.788736520000000141e+01 2.181141990000000064e+01
-2.528119399999999928e+01 -2.135697130000000143e+01 -1.743273939999999911e+01 -1.350781659999999995e+01 -9.582702859999999490e+00 -5.658105690000000187e+00 -1.733103969999999938e+00 2.190990680000000079e+00 6.115975839999999941e+00 1.004110550000000046e+01 1.396631159999999916e+01 1.789194240000000136e+01 2.181657840000000093e+01
-2.528464839999999825e+01 -2.136042309999999844e+01 -1.743678840000000108e+01 -1.351228979999999957e+01 -9.587631820000000360e+00 -5.663588540000000116e+00 -1.738850250000000042e+00 2.184520249999999830e+00 6.109143740000000378e+00 1.003376090000000076e+01 1.395828880000000005e+01 1.788372839999999897e+01 2.180743259999999850e+01
-2.527541739999999848e+01 -2.135219640000000041e+01 -1.742934699999999992e+01 -1.350540669999999999e+01 -9.581635430000000397e+00 -5.657989190000000335e+00 -1.734473319999999985e+00 2.188452739999999785e+00 6.112045000000000172e+00 1.003588659999999955e+01 1.395970870000000019e+01 1.788414480000000140e+01 2.180771040000000127e+01
0.000000000000000000e+00 0.000000000000000000e+00 0.000000000000000000e+00 0.000000000000000000e+00 0.000000000000000000e+00 0.000000000000000000e+00 0.000000000000000000e+00 0.000000000000000000e+00 0.000000000000000000e+00 0.000000000000000000e+00 0.000000000000000000e+00 0.000000000000000000e+00 0.000000000000000000e+00
-2.528770580000000123e+01 -2.136381090000000071e+01 -1.744002589999999842e+01 -1.351567250000000087e+01 -9.590913609999999423e+00 -5.666855189999999709e+00 -1.742155279999999973e+00 2.181244379999999872e+00 6.106047809999999743e+00 1.003047940000000082e+01 1.395506250000000037e+01 1.788050319999999971e+01 2.180441829999999825e+01
-2.528722949999999869e+01 -2.136298800000000142e+01 -1.743943030000000149e+01 -1.351477279999999936e+01 -9.590136490000000791e+00 -5.665914390000000189e+00 -1.741264209999999979e+00 2.182057959999999852e+00 6.106871850000000101e+00 1.003122280000000011e+01 1.395662360000000035e+01 1.788164779999999965e+01 2.180603560000000130e+01
-2.528408479999999869e+01 -2.136039740000000009e+01 -1.743729280000000159e+01 -1.351278349999999939e+01 -9.588184160000000844e+00 -5.663886409999999927e+00 -1.739826440000000085e+00 2.183382480000000125e+00 6.107755530000000377e+00 1.003214969999999973e+01 1.395684660000000044e+01 1.788179089999999860e+01 2.180611790000000028e+01
-2.528601099999999846e+01 -2.136260689999999940e+01 -1.743935310000000172e+01 -1.351494199999999957e+01 -9.590395049999999699e+00 -5.666542930000000311e+00 -1.742201609999999956e+00 2.180918639999999797e+00 6.105144039999999883e+00 1.002965039999999952e+01 1.395410090000000025e+01 1.787900490000000175e+01 2.180326200000000014e+01
-2.529642570000000035e+01 -2.137224159999999884e+01 -1.744855670000000103e+01 -1.352371179999999917e+01 -9.598985830000000163e+00 -5.674309140000000085e+00 -1.749553899999999995e+00 2.173791440000000019e+00 6.098928100000000185e+00 1.002339330000000039e+01 1.394868540000000046e+01 1.787383600000000072e+01 2.179832950000000125e+01
-2.527746670000000151e+01 -2.135419750000000150e+01 -1.743187809999999871e+01 -1.350826280000000068e+01 -9.584585110000000796e+00 -5.661080519999999616e+00 -1.737394120000000042e+00 2.185093460000000043e+00 6.108785489999999818e+00 1.003231670000000086e+01 1.395633480000000048e+01 1.788073410000000152e+01 2.180396370000000061e+01
-2.529375160000000022e+01 -2.136929639999999964e+01 -1.744548809999999861e+01 -1.352027949999999912e+01 -9.595180510000000496e+00 -5.670298940000000343e+00 -1.745748389999999928e+00 2.177901240000000183e+00 6.102777030000000380e+00 1.002783319999999989e+01 1.395323959999999985e+01 1.787841029999999876e+01 2.180298469999999966e+01
-2.529324000000000083e+01 -2.136962839999999986e+01 -1.744630880000000062e+01 -1.352201080000000033e+01 -9.597827960000000047e+00 -5.673581829999999826e+00 -1.749421969999999993e+00 2.173708190000000151e+00 6.098105590000000298e+00 1.002255219999999980e+01 1.394718100000000049e+01 1.787191860000000077e+01 2.179576309999999850e+01
-2.529440479999999880e+01 -2.137020959999999903e+01 -1.744616389999999839e+01 -1.352101260000000060e+01 -9.595895300000000461e+00 -5.670833000000000013e+00 -1.745975389999999905e+00 2.177901820000000210e+00 6.103026520000000232e+00 1.002812499999999929e+01 1.395354000000000028e+01 1.787892049999999955e+01 2.180403019999999970e+01
-2.529772990000000021e+01 -2.137371050000000139e+01 -1.744969740000000158e+01 -1.352495219999999954e+01 -9.599847510000000028e+00 -5.675218499999999722e+00 -1.750088080000000046e+00 2.173557719999999804e+00 6.098216680000000167e+00 1.002379580000000026e+01 1.394850510000000021e+01 1.787435389999999913e+01 2.179864339999999956e+01
-2.530375589999999875e+01 -2.137875719999999902e+01 -1.745493270000000052e+01 -1.352980950000000071e+01 -9.604575909999999439e+00 -5.679466940000000186e+00 -1.754683320000000046e+00 2.169278629999999986e+00 6.094171290000000241e+00 1.001993539999999960e+01 1.394474059999999938e+01 1.787014100000000028e+01 2.179517699999999891e+01
0.000000000000000000e+00 0.000000000000000000e+00 0.000000000000000000e+00 0.000000000000000000e+00 0.000000000000000000e+00 0.000000000000000000e+00 0.000000000000000000e+00 0.000000000000000000e+00 0.000000000000000000e+00 0.000000000000000000e+00 0.000000000000000000e+00 0.000000000000000000e+00 0.000000000000000000e+00
0.000000000000000000e+00 0.000000000000000000e+00 0.000000000000000000e+00 0.000000000000000000e+00 0.000000000000000000e+00 0.000000000000000000e+00 0.000000000000000000e+00 0.000000000000000000e+00 0.000000000000000000e+00 0.000000000000000000e+00 0.000000000000000000e+00 0.000000000000000000e+00 0.000000000000000000e+00
0.000000000000000000e+00 0.000000000000000000e+00 0.000000000000000000e+00 0.000000000000000000e+00 0.000000000000000000e+00 0.000000000000000000e+00 0.000000000000000000e+00 0.000000000000000000e+00 0.000000000000000000e+00 0.000000000000000000e+00 0.000000000000000000e+00 0.000000000000000000e+00 0.000000000000000000e+00
0.000000000000000000e+00 0.000000000000000000e+00 0.000000000000000000e+00 0.000000000000000000e+00 0.000000000000000000e+00 0.000000000000000000e+00 0.000000000000000000e+00 0.000000000000000000e+00 0.000000000000000000e+00 0.000000000000000000e+00 0.000000000000000000e+00 0.000000000000000000e+00 0.000000000000000000e+00
0.000000000000000000e+00 0.000000000000000000e+00 0.000000000000000000e+00 0.000000000000000000e+00 0.000000000000000000e+00 0.000000000000000000e+00 0.000000000000000000e+00 0.000000000000000000e+00 0.000000000000000000e+00 0.000000000000000000e+00 0.000000000000000000e+00 0.000000000000000000e+00 0.000000000000000000e+00
0.000000000000000000e+00 0.000000000000000000e+00 0.000000000000000000e+00 0.000000000000000000e+00 0.000000000000000000e+00 0.000000000000000000e+00 0.000000000000000000e+00 0.000000000000000000e+00 0.000000000000000000e+00 0.000000000000000000e+00 0.000000000000000000e+00 0.000000000000000000e+00 0.000000000000000000e+00
0.000000000000000000e+00 0.000000000000000000e+00 0.000000000000000000e+00 0.000000000000000000e+00 0.000000000000000000e+00 0.000000000000000000e+00 0.000000000000000000e+00 0.000000000000000000e+00 0.000000000000000000e+00 0.000000000000000000e+00 0.000000000000000000e+00 0.000000000000000000e+00 0.000000000000000000e+00
