1.876381149999999920e+01 1.584081480000000042e+01 1.291817229999999839e+01 9.994603500000000196e+00 7.070947269999999563e+00 4.147331730000000327e+00 1.224082609999999960e+00 -1.698621849999999878e+00 -4.621952890000000203e+00 -7.545586200000000687e+00 -1.046947300000000070e+01 -1.339381529999999998e+01 -1.631682590000000133e+01
1.876237499999999869e+01 1.583918119999999874e+01 1.291725750000000161e+01 9.994281700000000157e+00 7.071176510000000803e+00 4.147622339999999852e+00 1.224366740000000009e+00 -1.697588849999999816e+00 -4.621048039999999801e+00 -7.544631799999999444e+00 -1.046805720000000051e+01 -1.339195360000000079e+01 -1.631477359999999877e+01
1.877174910000000096e+01 1.584868230000000011e+01 1.292594439999999878e+01 1.000246409999999919e+01 7.078875760000000739e+00 4.155397319999999617e+00 1.232117289999999921e+00 -1.690651889999999824e+00 -4.614237509999999709e+00 -7.538042499999999535e+00 -1.046199020000000068e+01 -1.338619920000000008e+01 -1.630941419999999908e+01
1.877047089999999940e+01 1.584678059999999888e+01 1.292430979999999963e+01 1.000083629999999957e+01 7.077059119999999481e+00 4.153439149999999636e+00 1.229542490000000043e+00 -1.692921619999999905e+00 -4.616645939999999726e+00 -7.540558499999999498e+00 -1.046462380000000003e+01 -1.338875499999999974e+01 -1.631196909999999889e+01
1.876419980000000010e+01 1.584142740000000060e+01 1.291936970000000073e+01 9.996236100000000846e+00 7.073030219999999701e+00 4.149725379999999575e+00 1.226530550000000108e+00 -1.695688089999999981e+00 -4.619139050000000246e+00 -7.542575700000000438e+00 -1.046607880000000002e+01 -1.338969469999999973e+01 -1.631265129999999886e+01
1.876726280000000102e+01 1.584386209999999906e+01 1.292151150000000115e+01 9.998144800000000387e+00 7.074307949999999678e+00 4.150407719999999578e+00 1.226862300000000072e+00 -1.695905230000000152e+00 -4.619532740000000359e+00 -7.543501900000000759e+00 -1.046749269999999932e+01 -1.339164129999999986e+01 -1.631497729999999891e+01
1.876787129999999948e+01 1.584504889999999833e+01 1.292361640000000023e+01 1.000141250000000070e+01 7.078772219999999393e+00 4.156370210000000398e+00 1.233983819999999954e+00 -1.687260049999999900e+00 -4.609545330000000440e+00 -7.532193899999999331e+00 -1.045471399999999917e+01 -1.337770000000000081e+01 -1.630006210000000166e+01
1.877094710000000077e+01 1.584746110000000030e+01 1.292451459999999841e+01 1.000068860000000015e+01 7.076704660000000757e+00 4.153032800000000080e+00 1.229100609999999927e+00 -1.693594169999999899e+00 -4.617668120000000265e+00 -7.541617999999999711e+00 -1.046590169999999986e+01 -1.339041130000000024e+01 -1.631387330000000091e+01
1.877847879999999847e+01 1.585510530000000173e+01 1.293247480000000138e+01 1.000835410000000003e+01 7.084238149999999123e+00 4.160905819999999977e+00 1.236643020000000037e+00 -1.686180069999999809e+00 -4.609969000000000428e+00 -7.534112000000000364e+00 -1.045801119999999962e+01 -1.338276030000000105e+01 -1.630591859999999826e+01
1.877913979999999938e+01 1.585526000000000124e+01 1.293177049999999895e+01 1.000729749999999996e+01 7.082949870000000203e+00 4.158653700000000342e+00 1.234299079999999993e+00 -1.688857899999999912e+00 -4.613428990000000063e+00 -7.537724799999999448e+00 -1.046253669999999936e+01 -1.338736520000000141e+01 -1.631141990000000064e+01
1.878119399999999928e+01 1.585697130000000143e+01 1.293273939999999911e+01 1.000781659999999995e+01 7.082702859999999490e+00 4.158105690000000187e+00 1.233103969999999938e+00 -1.690990680000000079e+00 -4.615975839999999941e+00 -7.541105500000000461e+00 -1.046631159999999916e+01 -1.339194240000000136e+01 -1.631657840000000093e+01
1.878464839999999825e+01 1.586042309999999844e+01 1.293678840000000108e+01 1.001228979999999957e+01 7.087631820000000360e+00 4.163588540000000116e+00 1.238850250000000042e+00 -1.684520249999999830e+00 -4.609143740000000378e+00 -7.533760900000000760e+00 -1.045828880000000005e+01 -1.338372839999999897e+01 -1.630743259999999850e+01
1.877541739999999848e+01 1.585219640000000041e+01 1.292934699999999992e+01 1.000540669999999999e+01 7.081635430000000397e+00 4.157989190000000335e+00 1.234473319999999985e+00 -1.688452739999999785e+00 -4.612045000000000172e+00 -7.535886599999999547e+00 -1.045970870000000019e+01 -1.338414480000000140e+01 -1.630771040000000127e+01
-6.500000000000000000e+00 -5.500000000000000000e+00 -4.500000000000000000e+00 -3.500000000000000000e+00 -2.500000000000000000e+00 -1.500000000000000000e+00 -5.000000000000000000e-01 5.000000000000000000e-01 1.500000000000000000e+00 2.500000000000000000e+00 3.500000000000000000e+00 4.500000000000000000e+00 5.500000000000000000e+00
1.878770580000000123e+01 1.586381090000000071e+01 1.294002589999999842e+01 1.001567250000000087e+01 7.090913609999999423e+00 4.166855189999999709e+00 1.242155279999999973e+00 -1.681244379999999872e+00 -4.606047809999999743e+00 -7.530479400000000823e+00 -1.045506250000000037e+01 -1.338050319999999971e+01 -1.630441829999999825e+01
1.878722949999999869e+01 1.586298800000000142e+01 1.293943030000000149e+01 1.001477279999999936e+01 7.090136490000000791e+00 4.165914390000000189e+00 1.241264209999999979e+00 -1.682057959999999852e+00 -4.606871850000000101e+00 -7.531222800000000106e+00 -1.045662360000000035e+01 -1.338164779999999965e+01 -1.630603560000000130e+01
1.878408479999999869e+01 1.586039740000000009e+01 1.293729280000000159e+01 1.001278349999999939e+01 7.088184160000000844e+00 4.163886409999999927e+00 1.239826440000000085e+00 -1.683382480000000125e+00 -4.607755530000000377e+00 -7.532149699999999726e+00 -1.045684660000000044e+01 -1.338179089999999860e+01 -1.630611790000000028e+01
1.878601099999999846e+01 1.586260689999999940e+01 1.293935310000000172e+01 1.001494199999999957e+01 7.090395049999999699e+00 4.166542930000000311e+00 1.242201609999999956e+00 -1.680918639999999797e+00 -4.605144039999999883e+00 -7.529650399999999522e+00 -1.045410090000000025e+01 -1.337900490000000175e+01 -1.630326200000000014e+01
1.879642570000000035e+01 1.587224159999999884e+01 1.294855670000000103e+01 1.002371179999999917e+01 7.098985830000000163e+00 4.174309140000000085e+00 1.249553899999999995e+00 -1.673791440000000019e+00 -4.598928100000000185e+00 -7.523393300000000394e+00 -1.044868540000000046e+01 -1.337383600000000072e+01 -1.629832950000000125e+01
1.877746670000000151e+01 1.585419750000000150e+01 1.293187809999999871e+01 1.000826280000000068e+01 7.084585110000000796e+00 4.161080519999999616e+00 1.237394120000000042e+00 -1.685093460000000043e+00 -4.608785489999999818e+00 -7.532316700000000864e+00 -1.045633480000000048e+01 -1.338073410000000152e+01 -1.630396370000000061e+01
1.879375160000000022e+01 1.586929639999999964e+01 1.294548809999999861e+01 1.002027949999999912e+01 7.095180510000000496e+00 4.170298940000000343e+00 1.245748389999999928e+00 -1.677901240000000183e+00 -4.602777030000000380e+00 -7.527833199999999891e+00 -1.045323959999999985e+01 -1.337841029999999876e+01 -1.630298469999999966e+01
1.879324000000000083e+01 1.586962839999999986e+01 1.294630880000000062e+01 1.002201080000000033e+01 7.097827960000000047e+00 4.173581829999999826e+00 1.249421969999999993e+00 -1.673708190000000151e+00 -4.598105590000000298e+00 -7.522552199999999800e+00 -1.044718100000000049e+01 -1.337191860000000077e+01 -1.629576309999999850e+01
1.879440479999999880e+01 1.587020959999999903e+01 1.294616389999999839e+01 1.002101260000000060e+01 7.095895300000000461e+00 4.170833000000000013e+00 1.245975389999999905e+00 -1.677901820000000210e+00 -4.603026520000000232e+00 -7.528124999999999289e+00 -1.045354000000000028e+01 -1.337892049999999955e+01 -1.630403019999999970e+01
1.879772990000000021e+01 1.587371050000000139e+01 1.294969740000000158e+01 1.002495219999999954e+01 7.099847510000000028e+00 4.175218499999999722e+00 1.250088080000000046e+00 -1.673557719999999804e+00 -4.598216680000000167e+00 -7.523795800000000256e+00 -1.044850510000000021e+01 -1.337435389999999913e+01 -1.629864339999999956e+01
1.880375589999999875e+01 1.587875719999999902e+01 1.295493270000000052e+01 1.002980950000000071e+01 7.104575909999999439e+00 4.179466940000000186e+00 1.254683320000000046e+00 -1.669278629999999986e+00 -4.594171290000000241e+00 -7.519935399999999603e+00 -1.044474059999999938e+01 -1.337014100000000028e+01 -1.629517699999999891e+01
-6.500000000000000000e+00 -5.500000000000000000e+00 -4.500000000000000000e+00 -3.500000000000000000e+00 -2.500000000000000000e+00 -1.500000000000000000e+00 -5.000000000000000000e-01 5.000000000000000000e-01 1.500000000000000000e+00 2.500000000000000000e+00 3.500000000000000000e+00 4.500000000000000000e+00 5.500000000000000000e+00
-6.500000000000000000e+00 -5.500000000000000000e+00 -4.500000000000000000e+00 -3.500000000000000000e+00 -2.500000000000000000e+00 -1.500000000000000000e+00 -5.000000000000000000e-01 5.000000000000000000e-01 1.500000000000000000e+00 2.500000000000000000e+00 3.500000000000000000e+00 4.500000000000000000e+00 5.500000000000000000e+00
-6.500000000000000000e+00 -5.500000000000000000e+00 -4.500000000000000000e+00 -3.500000000000000000e+00 -2.500000000000000000e+00 -1.500000000000000000e+00 -5.000000000000000000e-01 5.000000000000000000e-01 1.500000000000000000e+00 2.500000000000000000e+00 3.500000000000000000e+00 4.500000000000000000e+00 5.500000000000000000e+00
-6.500000000000000000e+00 -5.500000000000000000e+00 -4.500000000000000000e+00 -3.500000000000000000e+00 -2.500000000000000000e+00 -1.500000000000000000e+00 -5.000000000000000000e-01 5.000000000000000000e-01 1.500000000000000000e+00 2.500000000000000000e+00 3.500000000000000000e+00 4.500000000000000000e+00 5.500000000000000000e+00
-6.500000000000000000e+00 -5.500000000000000000e+00 -4.500000000000000000e+00 -3.500000000000000000e+00 -2.500000000000000000e+00 -1.500000000000000000e+00 -5.000000000000000000e-01 5.000000000000000000e-01 1.500000000000000000e+00 2.500000000000000000e+00 3.500000000000000000e+00 4.500000000000000000e+00 5.500000000000000000e+00
-6.500000000000000000e+00 -5.500000000000000000e+00 -4.500000000000000000e+00 -3.500000000000000000e+00 -2.500000000000000000e+00 -1.500000000000000000e+00 -5.000000000000000000e-01 5.000000000000000000e-01 1.500000000000000000e+00 2.500000000000000000e+00 3.500000000000000000e+00 4.500000000000000000e+00 5.500000000000000000e+00
-6.500000000000000000e+00 -5.500000000000000000e+00 -4.500000000000000000e+00 -3.500000000000000000e+00 -2.500000000000000000e+00 -1.500000000000000000e+00 -5.000000000000000000e-01 5.000000000000000000e-01 1.500000000000000000e+00 2.500000000000000000e+00 3.500000000000000000e+00 4.500000000000000000e+00 5.500000000000000000e+00
